26
0
0
0
0
0
0
1
1
1
1
2
0
0
2
0
0
0
0
1
1
1
3
3
4
5
5
28
0 1 3
1 2 3
2 3 3
3 4 3
4 5 3
5 0 3
0 6 0
1 7 0
4 8 0
5 9 0
2 10 0
10 11 0
11 12 3
12 13 0
13 3 0
11 14 3
14 15 3
15 16 3
16 17 3
17 12 3
14 18 0
15 19 0
17 20 0
13 21 1
10 22 1
16 23 0
23 24 0
23 25 0
16
0
0
0
0
0
0
1
1
1
1
1
4
4
6
5
3
16
0 1 3
1 2 3
2 3 3
3 4 3
4 5 3
5 0 3
0 6 0
1 7 0
2 8 0
3 9 0
5 10 0
4 11 0
11 12 0
11 13 0
13 14 0
12 15 1
26
0
0
0
0
0
0
1
1
1
1
0
0
0
0
0
0
1
1
1
1
7
7
8
8
8
8
27
0 1 3
1 2 3
2 3 3
3 4 3
4 5 3
5 0 3
1 6 0
2 7 0
4 8 0
5 9 0
10 11 3
11 12 3
12 13 3
13 14 3
14 15 3
15 10 3
10 16 0
11 17 0
13 18 0
14 19 0
3 20 0
20 15 0
20 21 1
21 22 0
21 23 0
0 24 0
12 25 0
22
9
9
7
7
9
9
9
7
7
1
1
1
1
9
8
8
8
1
8
8
8
8
24
0 1 0
1 2 0
2 3 1
3 4 0
4 5 0
5 0 0
5 6 0
6 7 0
7 8 1
8 0 0
0 9 0
5 10 0
7 11 0
8 12 0
4 13 0
13 1 0
13 14 0
13 15 0
6 16 0
6 17 0
4 18 0
3 19 0
2 20 0
1 21 0
8
9
9
8
8
8
8
8
1
7
0 1 0
0 2 0
0 3 0
0 4 0
1 5 0
1 6 0
1 7 0
8
9
9
8
1
1
8
8
8
7
0 1 0
1 2 0
1 3 0
1 4 0
0 5 0
0 6 0
0 7 0
8
9
9
8
8
1
8
8
1
7
0 1 0
0 2 0
0 3 0
0 4 0
1 5 0
1 6 0
1 7 0
6
7
7
8
8
8
1
5
0 1 1
0 2 0
0 3 0
1 4 0
1 5 0
26
9
9
7
7
9
9
9
7
7
9
1
1
1
1
9
9
1
1
8
8
8
8
8
8
1
1
29
0 1 0
1 2 0
2 3 1
3 4 0
4 5 0
5 0 0
5 6 0
6 7 0
7 8 1
8 9 0
9 0 0
0 10 0
5 11 0
7 12 0
8 13 0
4 14 0
14 1 0
6 15 0
6 16 0
15 9 0
9 17 0
14 18 0
14 19 0
4 20 0
1 21 0
3 22 0
2 23 0
15 24 0
15 25 0
142
9
9
9
1
1
9
1
1
9
9
1
1
9
1
1
9
1
1
9
9
9
1
1
9
9
1
1
9
1
1
9
9
1
1
9
9
1
1
9
1
1
9
9
9
1
1
9
1
1
1
1
1
8
1
1
8
8
8
1
8
1
8
1
8
1
8
1
8
1
8
1
9
9
9
9
9
9
9
9
9
1
1
1
9
1
1
1
9
9
1
1
1
9
1
1
1
9
1
1
1
9
1
1
1
9
9
1
1
1
9
1
1
1
9
9
9
9
1
1
1
1
9
1
1
8
8
8
8
8
8
8
1
1
8
1
1
8
1
1
8
1
1
140
0 1 0
1 2 0
1 3 0
1 4 0
2 5 0
2 6 0
2 7 0
5 8 0
8 9 0
8 10 0
8 11 0
9 12 0
9 13 0
9 14 0
12 15 0
12 16 0
12 17 0
15 18 0
18 19 0
19 20 0
19 21 0
19 22 0
20 23 0
23 24 0
23 25 0
23 26 0
24 27 0
24 28 0
24 29 0
27 30 0
30 31 0
30 32 0
30 33 0
31 34 0
34 35 0
34 36 0
34 37 0
35 38 0
35 39 0
35 40 0
38 41 0
41 42 0
42 43 0
42 44 0
42 45 0
43 46 0
43 47 0
43 48 0
46 49 0
46 50 0
46 51 0
0 52 0
0 53 0
0 54 0
5 55 0
5 56 0
15 57 0
15 58 0
18 59 0
18 60 0
20 61 0
20 62 0
27 63 0
27 64 0
31 65 0
31 66 0
38 67 0
38 68 0
41 69 0
41 70 0
71 72 0
72 73 0
72 74 0
72 75 0
73 76 0
73 77 0
73 78 0
75 79 0
79 80 0
79 81 0
79 82 0
75 83 0
83 84 0
83 85 0
83 86 0
74 87 0
74 88 0
88 89 0
88 90 0
88 91 0
71 92 0
92 93 0
92 94 0
92 95 0
71 96 0
96 97 0
96 98 0
96 99 0
75 100 0
100 101 0
100 102 0
100 103 0
74 104 0
71 105 0
105 106 0
105 107 0
105 108 0
77 109 0
109 110 0
109 111 0
109 112 0
77 113 0
77 114 0
78 115 0
78 116 0
78 117 0
116 118 0
116 119 0
116 120 0
76 121 0
76 122 0
76 123 0
87 124 0
87 125 0
87 126 0
104 127 0
104 128 0
104 129 0
113 130 0
113 131 0
113 132 0
115 133 0
115 134 0
115 135 0
114 136 0
114 137 0
114 138 0
121 139 0
121 140 0
121 141 0
29
0
0
0
0
0
0
1
1
1
1
0
0
0
0
0
0
1
1
1
1
9
6
9
8
8
8
8
8
10
30
0 1 3
1 2 3
2 3 3
3 4 3
4 5 3
5 0 3
1 6 0
2 7 0
4 8 0
5 9 0
10 11 3
11 12 3
12 13 3
13 14 3
14 15 3
15 10 3
10 16 0
11 17 0
13 18 0
14 19 0
3 20 0
20 15 0
20 21 0
20 22 0
22 23 0
22 24 0
22 25 0
0 26 0
12 27 0
21 28 0
32
11
11
11
11
12
0
0
0
0
0
0
2
6
8
13
14
15
3
3
4
9
1
1
5
5
5
5
1
1
1
1
1
33
0 1 3
1 2 3
2 3 3
3 4 3
4 0 3
5 6 3
6 7 3
7 8 3
8 9 3
9 10 3
10 5 3
9 11 0
11 12 0
6 13 0
5 14 0
14 15 0
11 16 1
14 17 1
14 18 1
8 19 0
19 20 0
20 0 0
7 21 0
10 22 0
12 23 0
15 24 0
15 25 0
19 26 0
20 27 0
20 28 0
1 29 0
2 30 0
3 31 0
20
0
0
0
0
0
0
1
1
1
4
4
16
9
1
1
1
5
5
5
5
20
0 1 3
1 2 3
2 3 3
3 4 3
4 5 3
5 0 3
0 6 0
3 7 0
5 8 0
4 9 0
2 10 0
1 11 0
11 12 0
12 13 0
12 14 0
12 15 0
9 16 0
9 17 0
10 18 0
10 19 0
12
0
0
0
0
0
0
1
1
1
1
1
8
12
0 1 3
1 2 3
2 3 3
3 4 3
4 5 3
5 0 3
0 6 0
1 7 0
2 8 0
3 9 0
5 10 0
4 11 0
22
0
0
0
0
0
0
1
1
1
0
0
0
0
0
0
1
1
1
16
16
8
8
24
0 1 3
1 2 3
2 3 3
3 4 3
4 5 3
5 0 3
1 6 0
4 7 0
5 8 0
9 10 3
10 11 3
11 12 3
12 13 3
13 14 3
14 9 3
10 15 0
11 16 0
13 17 0
3 18 0
18 14 0
2 19 0
19 9 0
0 20 0
12 21 0
29
17
9
9
9
9
17
9
9
9
9
1
1
16
1
1
9
1
1
9
8
8
8
8
1
8
1
8
1
1
33
0 1 0
1 2 0
2 3 0
3 4 0
4 5 0
5 0 0
2 6 0
6 7 0
7 8 0
8 9 0
9 3 0
2 10 0
3 11 0
5 12 0
5 13 0
12 0 0
0 14 0
4 15 0
4 16 0
15 1 0
1 17 0
9 18 0
18 6 0
18 19 0
18 20 0
9 21 0
8 22 0
8 23 0
7 24 0
7 25 0
6 26 0
15 27 0
15 28 0
40
0
0
0
0
0
0
1
1
1
1
0
0
0
0
0
0
1
1
1
1
9
9
9
1
1
1
1
1
9
9
1
1
1
1
1
9
1
8
8
1
41
0 1 3
1 2 3
2 3 3
3 4 3
4 5 3
5 0 3
1 6 0
2 7 0
4 8 0
5 9 0
10 11 3
11 12 3
12 13 3
13 14 3
14 15 3
15 10 3
11 16 0
12 17 0
14 18 0
15 19 0
3 20 0
20 10 0
13 21 0
21 22 0
21 23 0
21 24 0
22 25 0
22 26 0
22 27 0
0 28 0
28 29 0
28 30 0
28 31 0
29 32 0
29 33 0
29 34 0
20 35 0
20 36 0
35 37 0
35 38 0
35 39 0
16
0
18
0
0
0
0
8
4
8
2
6
8
5
5
15
5
16
0 1 3
1 2 3
2 3 3
3 4 3
4 5 3
5 0 3
5 6 0
4 7 0
3 8 0
2 9 0
9 10 0
0 11 0
7 12 0
7 13 0
9 14 1
10 15 0
3
19
8
8
2
0 1 0
0 2 0
28
0
0
0
0
0
0
1
1
1
1
0
0
0
0
0
0
1
1
1
1
9
9
1
8
8
1
8
8
29
0 1 3
1 2 3
2 3 3
3 4 3
4 5 3
5 0 3
1 6 0
2 7 0
4 8 0
5 9 0
10 11 3
11 12 3
12 13 3
13 14 3
14 15 3
15 10 3
10 16 0
11 17 0
13 18 0
14 19 0
3 20 0
15 20 0
20 21 0
20 22 0
21 23 0
21 24 0
21 25 0
12 26 0
0 27 0
27
20
20
9
9
7
7
14
9
14
13
1
1
1
1
1
1
13
8
3
3
5
5
14
3
3
5
5
28
0 1 1
1 2 0
2 3 0
3 4 0
4 5 1
5 0 0
2 6 0
6 7 0
7 8 0
8 9 0
9 3 0
2 10 0
7 11 0
7 12 0
3 13 0
4 14 0
1 15 0
5 16 0
0 17 0
9 18 1
9 19 1
8 20 0
6 21 0
16 22 0
16 23 1
16 24 1
22 25 0
22 26 0
21
0
18
0
18
0
18
0
0
0
0
0
0
1
1
1
1
4
8
8
8
5
22
0 1 3
1 2 3
2 3 3
3 4 3
4 5 3
5 0 3
6 7 3
7 8 3
8 9 3
9 10 3
10 11 3
11 6 3
6 12 0
7 13 0
8 14 0
9 15 0
2 16 0
16 11 0
0 17 0
10 18 0
4 19 0
16 20 0
20
14
9
1
1
1
9
1
1
1
9
1
1
1
9
9
1
1
8
1
1
19
0 1 0
1 2 0
1 3 0
1 4 0
0 5 0
5 6 0
5 7 0
5 8 0
0 9 0
9 10 0
9 11 0
9 12 0
0 13 0
13 14 0
13 15 0
13 16 0
14 17 0
14 18 0
14 19 0
19
0
0
0
0
0
0
1
1
1
4
4
5
5
5
5
9
1
1
1
19
0 1 3
1 2 3
2 3 3
3 4 3
4 5 3
5 0 3
0 6 0
3 7 0
5 8 0
4 9 0
2 10 0
9 11 0
9 12 0
10 13 0
10 14 0
1 15 0
15 16 0
15 17 0
15 18 0
12
0
0
0
0
0
0
1
1
1
1
8
8
12
0 1 3
1 2 3
2 3 3
3 4 3
4 5 3
5 0 3
0 6 0
1 7 0
2 8 0
5 9 0
4 10 0
3 11 0
27
7
9
9
9
9
7
9
17
17
9
1
1
8
8
8
8
16
1
1
9
1
1
1
1
9
8
8
31
0 1 0
1 2 0
2 3 0
3 4 0
4 5 0
5 0 1
2 6 0
6 7 0
7 8 0
8 9 0
9 3 0
2 10 0
3 11 0
5 12 0
0 13 0
4 14 0
1 15 0
7 16 0
7 17 0
16 8 0
8 18 0
9 19 0
9 20 0
19 6 0
19 21 0
19 22 0
6 23 0
1 24 0
24 4 0
24 25 0
24 26 0
36
0
0
0
0
0
0
1
1
1
1
0
0
0
0
0
0
1
1
1
1
9
9
1
8
8
8
16
9
1
1
1
16
9
1
1
1
37
0 1 3
1 2 3
2 3 3
3 4 3
4 5 3
5 0 3
1 6 0
2 7 0
4 8 0
5 9 0
10 11 3
11 12 3
12 13 3
13 14 3
14 15 3
15 10 3
10 16 0
11 17 0
13 18 0
14 19 0
3 20 0
20 15 0
20 21 0
20 22 0
21 23 0
21 24 0
21 25 0
12 26 0
26 27 0
27 28 0
27 29 0
27 30 0
0 31 0
31 32 0
32 33 0
32 34 0
32 35 0
25
9
9
1
1
1
9
1
1
2
21
9
9
1
1
1
1
1
4
2
4
3
5
3
5
5
24
0 1 0
0 2 0
0 3 0
0 4 0
1 5 0
1 6 0
1 7 0
5 8 0
5 9 0
5 10 0
10 11 0
10 12 0
10 13 0
11 14 0
11 15 0
11 16 0
8 17 0
17 18 0
18 19 0
8 20 1
17 21 0
18 22 1
19 23 0
19 24 0
30
4
2
4
3
13
5
3
3
0
0
0
0
0
0
1
1
1
1
8
9
5
9
1
1
9
1
1
1
1
1
30
0 1 0
1 2 0
1 3 1
2 4 0
2 5 0
4 6 1
4 7 1
4 8 0
8 9 3
9 10 3
10 11 3
11 12 3
12 13 3
13 8 3
9 14 0
10 15 0
12 16 0
13 17 0
11 18 0
0 19 0
0 20 0
19 21 0
19 22 0
19 23 0
21 24 0
21 25 0
21 26 0
24 27 0
24 28 0
24 29 0
28
0
0
0
0
0
0
1
1
1
1
0
0
0
0
0
0
1
1
1
1
9
9
1
8
8
8
8
8
29
0 1 3
1 2 3
2 3 3
3 4 3
4 5 3
5 0 3
1 6 0
2 7 0
4 8 0
5 9 0
10 11 3
11 12 3
12 13 3
13 14 3
14 15 3
15 10 3
10 16 0
11 17 0
13 18 0
14 19 0
3 20 0
15 20 0
20 21 0
20 22 0
21 23 0
21 24 0
21 25 0
12 26 0
0 27 0
18
9
9
9
9
9
9
8
8
8
8
8
8
1
1
1
1
1
1
18
0 1 0
1 2 0
2 3 0
3 4 0
4 5 0
5 0 0
5 6 0
4 7 0
3 8 0
1 9 0
2 10 0
0 11 0
0 12 0
1 13 0
2 14 0
3 15 0
4 16 0
5 17 0
14
0
0
0
0
0
0
8
8
8
8
8
22
3
3
14
0 1 3
1 2 3
2 3 3
3 4 3
4 5 3
5 0 3
5 6 0
3 7 0
1 8 0
2 9 0
0 10 0
4 11 0
11 12 1
11 13 1
27
9
9
9
9
8
9
1
9
1
9
17
17
16
1
1
9
1
9
8
8
8
8
9
1
1
1
8
32
0 1 0
1 2 0
2 3 0
3 4 0
3 5 0
3 6 0
1 7 0
1 8 0
2 9 0
0 10 0
10 11 0
11 7 0
10 12 0
10 13 0
11 12 0
11 14 0
7 15 0
7 16 0
15 9 0
9 17 0
17 5 0
17 18 0
17 19 0
5 20 0
2 21 0
15 22 0
15 23 0
0 22 0
0 24 0
22 5 0
22 25 0
9 26 0
12
8
7
8
7
9
1
1
1
9
1
1
1
11
0 1 0
1 2 0
1 3 1
3 4 0
4 5 0
4 6 0
4 7 0
3 8 0
8 9 0
8 10 0
8 11 0
35
0
0
0
0
0
0
1
1
1
4
22
4
9
1
1
1
5
3
3
9
9
1
1
6
1
1
9
9
1
1
6
1
1
10
10
35
0 1 3
1 2 3
2 3 3
3 4 3
4 5 3
5 0 3
0 6 0
3 7 0
5 8 0
4 9 0
2 10 0
1 11 0
11 12 0
12 13 0
12 14 0
12 15 0
11 16 0
10 17 1
10 18 1
9 19 0
19 20 0
19 21 0
19 22 0
20 23 0
20 24 0
20 25 0
9 26 0
26 27 0
26 28 0
26 29 0
27 30 0
27 31 0
27 32 0
23 33 0
30 34 0
18
0
0
0
0
0
0
1
1
1
1
7
8
7
1
23
23
24
24
18
0 1 3
1 2 3
2 3 3
3 4 3
4 5 3
5 0 3
0 6 0
1 7 0
4 8 0
5 9 0
3 10 0
2 11 0
10 12 1
10 13 0
12 14 0
12 15 0
14 16 2
15 17 2
18
0
0
0
0
0
0
8
8
16
9
1
1
1
8
8
22
3
3
18
0 1 3
1 2 3
2 3 3
3 4 3
4 5 3
5 0 3
5 6 0
0 7 0
4 8 0
8 9 0
9 10 0
9 11 0
9 12 0
3 13 0
2 14 0
1 15 0
15 16 1
15 17 1
38
0
18
0
0
0
0
1
1
1
1
0
0
0
0
0
0
1
1
1
1
9
9
1
9
1
1
14
1
1
9
1
1
1
9
1
1
1
8
39
0 1 3
1 2 3
2 3 3
3 4 3
4 5 3
5 0 3
0 6 0
3 7 0
4 8 0
5 9 0
10 11 3
11 12 3
12 13 3
13 14 3
14 15 3
15 10 3
11 16 0
12 17 0
14 18 0
15 19 0
2 20 0
20 10 0
20 21 0
20 22 0
21 23 0
21 24 0
21 25 0
23 26 0
23 27 0
23 28 0
26 29 0
29 30 0
29 31 0
29 32 0
26 33 0
33 34 0
33 35 0
33 36 0
13 37 0
13
0
0
0
0
0
0
1
1
1
6
8
8
10
13
0 1 3
1 2 3
2 3 3
3 4 3
4 5 3
5 0 3
0 6 0
2 7 0
5 8 0
4 9 0
3 10 0
1 11 0
9 12 0
12
0
0
0
0
0
0
1
1
1
1
1
1
12
0 1 3
1 2 3
2 3 3
3 4 3
4 5 3
5 0 3
0 6 0
1 7 0
2 8 0
3 9 0
4 10 0
5 11 0
63
0
0
0
0
0
0
1
1
1
1
2
9
15
9
9
9
1
1
1
1
1
9
1
1
9
1
1
9
1
1
1
1
1
25
9
1
1
1
2
25
9
9
1
1
9
1
1
1
9
1
9
1
1
9
1
1
9
1
1
1
1
1
15
63
0 1 3
1 2 3
2 3 3
3 4 3
4 5 3
5 0 3
0 6 0
1 7 0
4 8 0
5 9 0
3 10 0
10 12 1
11 13 0
11 14 0
14 15 0
14 16 0
14 17 0
15 18 0
15 19 0
15 20 0
13 21 0
13 22 0
13 23 0
21 24 0
21 25 0
21 26 0
24 27 0
24 28 0
24 29 0
27 30 0
27 31 0
27 32 0
10 33 0
33 34 0
34 11 0
34 35 0
34 36 0
11 37 0
2 38 0
38 39 0
39 40 0
40 41 0
40 42 0
40 43 0
41 44 0
44 45 0
44 46 0
44 47 0
41 48 0
41 49 0
48 50 0
48 51 0
48 52 0
50 53 0
50 54 0
50 55 0
53 56 0
53 57 0
53 58 0
56 59 0
56 60 0
56 61 0
38 62 1
22
14
9
2
1
1
15
6
9
2
1
1
15
6
9
2
1
1
6
15
5
5
5
21
0 1 0
1 2 0
1 3 0
1 4 0
2 5 1
2 6 0
0 7 0
7 8 0
7 9 0
7 10 0
8 11 1
8 12 0
0 13 0
13 14 0
13 15 0
13 16 0
14 17 0
14 18 1
6 19 0
12 20 0
17 21 0
84
0
0
26
26
0
0
1
1
1
11
9
14
9
9
11
1
1
1
1
27
16
9
1
1
1
9
9
9
9
1
1
1
1
1
9
9
9
9
1
1
1
1
2
1
25
9
1
1
1
15
16
1
9
1
1
1
25
1
2
0
0
0
0
0
0
1
1
15
16
9
1
1
1
16
9
1
1
1
16
9
1
1
1
5
89
0 1 3
1 2 3
2 3 3
3 4 3
4 5 3
5 0 3
1 6 0
4 7 0
5 8 0
9 10 0
10 11 0
11 12 0
12 13 0
13 14 0
14 9 3
12 15 0
12 16 0
13 17 0
13 18 0
3 14 3
2 19 3
19 9 3
0 20 0
20 21 0
21 22 0
21 23 0
21 24 0
10 25 0
25 26 0
26 27 0
27 28 0
28 11 0
10 29 0
25 30 0
25 31 0
28 32 0
28 33 0
26 34 0
34 35 0
35 36 0
36 37 0
37 27 0
27 38 0
26 39 0
37 40 0
37 41 0
34 42 0
34 43 0
42 44 0
44 45 0
45 46 0
45 47 0
45 48 0
42 49 1
35 50 0
35 51 0
50 52 0
52 53 0
52 54 0
52 55 0
36 56 0
36 57 0
56 58 0
58 59 0
59 60 3
60 61 3
61 62 3
62 63 3
63 64 3
64 59 3
60 65 0
64 66 0
58 67 1
63 68 0
68 69 0
69 70 0
69 71 0
69 72 0
62 73 0
73 74 0
74 75 0
74 76 0
74 77 0
61 78 0
78 79 0
79 80 0
79 81 0
79 82 0
19 83 0
14
0
0
0
0
0
0
1
1
1
1
6
6
10
10
14
0 1 3
1 2 3
2 3 3
3 4 3
4 5 3
5 0 3
0 6 0
2 7 0
3 8 0
5 9 0
4 10 0
1 11 0
10 12 0
11 13 0
37
9
9
9
1
1
9
1
1
9
1
1
9
1
1
9
1
1
9
1
1
9
1
1
9
1
1
2
1
1
6
15
5
14
1
1
5
5
36
0 1 0
1 2 0
1 3 0
1 4 0
2 5 0
2 6 0
2 7 0
5 8 0
5 9 0
5 10 0
8 11 0
8 12 0
8 13 0
11 14 0
11 15 0
11 16 0
14 17 0
14 18 0
14 19 0
17 20 0
17 21 0
17 22 0
20 23 0
20 24 0
20 25 0
23 26 0
23 27 0
23 28 0
26 29 0
26 30 1
29 31 0
0 32 0
0 33 0
0 34 0
32 35 0
32 36 0
26
0
0
0
0
0
0
1
1
1
1
1
4
4
0
0
0
0
0
0
1
1
1
1
1
5
5
27
0 1 3
1 2 3
2 3 3
3 4 3
4 5 3
5 0 3
0 6 0
1 7 0
3 8 0
4 9 0
5 10 0
2 11 0
11 12 0
12 13 0
13 14 3
14 15 3
15 16 3
16 17 3
17 18 3
18 13 3
14 19 0
15 20 0
16 21 0
17 22 0
18 23 0
11 24 0
12 25 0
45
0
0
0
0
0
0
1
1
7
7
9
9
1
1
9
1
1
2
1
1
28
9
9
1
1
9
1
1
9
1
1
9
1
1
1
25
1
2
6
6
10
10
15
1
1
46
0 1 3
1 2 3
2 3 3
3 4 3
4 5 3
5 0 3
1 6 0
5 7 0
2 8 0
8 9 1
9 10 0
10 11 0
10 12 0
10 13 0
11 14 0
11 15 0
11 16 0
14 17 0
14 18 0
14 19 0
17 20 1
17 21 0
21 22 0
21 23 0
21 24 0
22 25 0
22 26 0
22 27 0
25 28 0
25 29 0
25 30 0
28 31 0
31 32 0
31 33 0
31 34 0
28 35 0
28 36 0
35 37 0
37 3 0
4 38 0
0 39 0
38 40 0
39 41 0
37 42 1
8 43 0
9 44 0
21
0
0
0
0
0
0
1
1
1
1
1
9
25
1
1
2
9
1
1
1
15
21
0 1 3
1 2 3
2 3 3
3 4 3
4 5 3
5 0 3
0 6 0
1 7 0
2 8 0
3 9 0
5 10 0
4 11 0
11 12 0
11 13 0
11 14 0
12 15 0
15 16 0
16 17 0
16 18 0
16 19 0
15 20 1
15
0
0
26
26
0
0
1
1
1
1
27
11
29
30
5
16
0 1 3
1 2 3
2 3 3
3 4 3
4 5 3
5 0 3
0 6 0
1 7 0
4 8 0
5 9 0
2 10 3
10 11 3
11 12 3
12 3 3
11 13 0
13 14 0
29
0
0
0
0
18
0
2
7
7
4
1
1
3
9
9
1
1
1
1
1
2
6
15
5
9
1
1
1
1
30
0 1 3
1 2 3
2 3 3
3 4 3
4 5 3
5 0 3
2 6 0
6 7 0
7 8 1
8 9 0
9 3 0
0 10 0
1 11 0
6 12 1
9 13 0
13 14 0
13 15 0
13 16 0
14 17 0
14 18 0
14 19 0
7 20 0
20 21 0
20 22 1
21 23 0
5 24 0
24 25 0
24 26 0
24 27 0
8 28 0
68
2
25
9
9
1
1
9
9
1
1
1
1
1
9
1
9
1
1
9
1
1
9
1
1
1
1
1
15
9
9
2
15
25
9
9
1
1
9
9
1
1
1
1
1
9
1
9
1
1
9
1
1
9
1
1
1
1
1
9
1
1
9
1
1
1
1
1
1
67
0 1 0
1 2 0
2 3 0
2 4 0
2 5 0
3 6 0
6 7 0
6 8 0
6 9 0
7 10 0
7 11 0
7 12 0
3 13 0
3 14 0
13 15 0
13 16 0
13 17 0
15 18 0
15 19 0
15 20 0
18 21 0
18 22 0
18 23 0
21 24 0
21 25 0
21 26 0
0 27 1
28 30 0
30 31 1
30 32 0
32 33 0
33 34 0
33 35 0
33 36 0
34 37 0
37 38 0
37 39 0
37 40 0
38 41 0
38 42 0
38 43 0
34 44 0
34 45 0
44 46 0
44 47 0
44 48 0
46 49 0
46 50 0
46 51 0
49 52 0
49 53 0
49 54 0
52 55 0
52 56 0
52 57 0
0 29 0
28 58 0
28 59 0
28 60 0
58 61 0
58 62 0
58 63 0
61 29 0
61 64 0
61 65 0
29 66 0
29 67 0
43
0
0
0
0
0
0
1
1
1
1
2
9
9
9
1
1
9
1
1
1
1
1
15
2
25
9
15
25
1
1
0
1
1
0
0
0
0
0
1
1
1
1
1
44
0 1 3
1 2 3
2 3 3
3 4 3
4 5 3
5 0 3
0 6 0
1 7 0
4 8 0
5 9 0
3 10 0
11 12 0
12 13 0
12 14 0
12 15 0
13 16 0
13 17 0
13 18 0
16 19 0
16 20 0
16 21 0
10 22 1
2 23 0
23 24 0
24 25 0
23 26 1
10 27 0
27 11 0
11 28 0
11 29 0
25 30 0
25 31 0
25 32 0
30 33 3
33 34 3
34 35 3
35 36 3
36 37 3
37 30 3
33 38 0
34 39 0
35 40 0
36 41 0
37 42 0
50
0
0
0
0
0
0
1
1
1
16
9
16
1
1
9
9
1
1
9
1
1
1
31
1
9
3
9
1
1
9
1
1
9
1
1
9
1
1
9
1
1
9
1
1
9
1
1
1
1
1
51
0 1 3
1 2 3
2 3 3
3 4 3
4 5 3
5 0 3
1 6 0
4 7 0
5 8 0
3 9 0
9 10 0
10 11 0
10 12 0
10 13 0
11 2 0
0 14 0
14 15 0
14 16 0
14 17 0
15 18 0
18 19 0
18 20 0
18 21 0
15 22 0
15 23 0
22 24 0
22 25 1
24 26 0
24 27 0
24 28 0
26 29 0
26 30 0
26 31 0
29 32 0
29 33 0
29 34 0
32 35 0
32 36 0
32 37 0
35 38 0
35 39 0
35 40 0
38 41 0
38 42 0
38 43 0
41 44 0
41 45 0
41 46 0
44 47 0
44 48 0
44 49 0
80
32
3
25
9
9
1
1
9
9
1
1
9
1
9
1
1
1
1
1
9
1
1
9
1
1
1
1
1
25
9
25
9
9
1
1
9
9
1
9
1
1
1
1
1
9
1
1
9
1
1
9
1
1
1
1
1
9
1
1
9
9
1
9
1
1
1
1
1
9
1
1
9
1
1
9
1
1
1
1
1
79
0 1 1
0 2 0
2 3 0
3 4 0
3 5 0
3 6 0
4 7 0
7 8 0
7 9 0
7 10 0
4 11 0
4 12 0
11 13 0
11 14 0
11 15 0
13 16 0
13 17 0
13 18 0
8 19 0
8 20 0
8 21 0
19 22 0
19 23 0
19 24 0
22 25 0
22 26 0
22 27 0
0 28 0
28 29 0
0 30 0
30 31 0
29 32 0
29 33 0
29 34 0
32 35 0
32 36 0
32 37 0
36 38 0
36 39 0
36 40 0
38 41 0
38 42 0
38 43 0
35 44 0
35 45 0
35 46 0
44 47 0
44 48 0
44 49 0
47 50 0
47 51 0
47 52 0
50 53 0
50 54 0
50 55 0
31 56 0
31 57 0
31 58 0
56 59 0
56 60 0
56 61 0
60 62 0
60 63 0
60 64 0
62 65 0
62 66 0
62 67 0
59 68 0
59 69 0
59 70 0
68 71 0
68 72 0
68 73 0
71 74 0
71 75 0
71 76 0
74 77 0
74 78 0
74 79 0
19
0
0
0
0
0
0
1
1
1
1
1
9
9
1
1
1
6
1
10
19
0 1 3
1 2 3
2 3 3
3 4 3
4 5 3
5 0 3
0 6 0
1 7 0
2 8 0
3 9 0
5 10 0
4 11 0
11 12 0
12 13 0
12 14 0
12 15 0
11 16 0
11 17 0
16 18 0
33
0
0
0
0
0
0
1
1
1
1
6
9
0
0
0
0
0
0
1
1
1
1
9
1
1
1
9
1
1
1
6
10
10
34
0 1 3
1 2 3
2 3 3
3 4 3
4 5 3
5 0 3
0 6 0
1 7 0
3 8 0
4 9 0
5 10 0
2 11 0
11 12 0
12 13 3
13 14 3
14 15 3
15 16 3
16 17 3
17 12 3
13 18 0
14 19 0
16 20 0
17 21 0
11 22 0
22 23 0
22 24 0
22 25 0
11 26 0
26 27 0
26 28 0
26 29 0
15 30 0
10 31 0
30 32 0
29
0
0
0
0
0
0
1
1
1
1
9
0
1
1
0
0
0
0
0
1
1
1
1
4
4
5
5
5
5
30
0 1 3
1 2 3
2 3 3
3 4 3
4 5 3
5 0 3
0 6 0
1 7 0
3 8 0
4 9 0
2 10 0
10 11 0
10 12 0
10 13 0
11 14 3
14 15 3
15 16 3
16 17 3
17 18 3
18 11 3
14 19 0
15 20 0
17 21 0
18 22 0
5 23 0
16 24 0
23 25 0
23 26 0
24 27 0
24 28 0
24
0
0
0
0
0
0
1
1
1
1
2
25
9
1
1
1
2
25
9
1
1
1
15
15
24
0 1 3
1 2 3
2 3 3
3 4 3
4 5 3
5 0 3
0 6 0
2 7 0
3 8 0
5 9 0
4 10 0
10 11 0
11 12 0
12 13 0
12 14 0
12 15 0
1 16 0
16 17 0
17 18 0
18 19 0
18 20 0
18 21 0
10 22 1
16 23 1
27
0
0
0
0
0
0
1
1
6
6
6
2
25
9
15
10
10
10
9
1
1
9
1
1
1
1
1
27
0 1 3
1 2 3
2 3 3
3 4 3
4 5 3
5 0 3
3 6 0
5 7 0
0 8 0
1 9 0
2 10 0
4 11 0
11 12 0
12 13 0
11 14 1
8 15 0
9 16 0
10 17 0
13 18 0
13 19 0
13 20 0
18 21 0
18 22 0
18 23 0
21 24 0
21 25 0
21 26 0
43
0
0
0
0
0
0
1
1
1
1
1
9
14
2
1
3
4
33
34
35
33
1
3
36
1
9
9
2
1
6
15
9
1
1
1
9
1
1
1
5
5
5
5
45
0 1 3
1 2 3
2 3 3
3 4 3
4 5 3
5 0 3
0 6 0
1 7 0
2 8 0
4 9 0
5 10 0
3 11 0
11 12 0
11 13 0
11 14 0
13 15 1
13 16 0
16 17 0
17 18 0
18 19 0
19 20 0
20 17 0
17 21 0
18 22 1
20 23 0
20 24 0
23 25 0
19 26 0
26 25 0
26 27 0
26 28 0
27 29 0
27 30 1
25 31 0
31 32 0
31 33 0
31 34 0
25 35 0
35 36 0
35 37 0
35 38 0
12 39 0
12 40 0
16 41 0
29 42 0
32
0
0
0
0
0
0
1
1
1
6
10
6
9
9
1
1
9
1
1
9
1
1
9
1
1
10
9
1
1
1
1
1
32
0 1 3
1 2 3
2 3 3
3 4 3
4 5 3
5 0 3
0 6 0
3 7 0
5 8 0
4 9 0
9 10 0
2 11 0
1 12 0
12 13 0
12 14 0
12 15 0
13 16 0
13 17 0
13 18 0
16 19 0
16 20 0
16 21 0
19 22 0
19 23 0
19 24 0
11 25 0
22 26 0
22 27 0
22 28 0
26 29 0
26 30 0
26 31 0
28
0
0
0
0
0
0
1
1
6
9
9
1
1
10
1
6
10
9
1
1
1
14
5
5
2
6
15
5
28
0 1 3
1 2 3
2 3 3
3 4 3
4 5 3
5 0 3
0 6 0
5 7 0
4 8 0
1 9 0
9 10 0
9 11 0
9 12 0
8 13 0
2 14 0
3 15 0
15 16 0
10 17 0
17 18 0
17 19 0
17 20 0
10 21 0
21 22 0
21 23 0
10 24 0
24 25 0
24 26 1
25 27 0
58
0
0
0
0
0
0
1
1
1
2
7
9
9
7
9
9
9
1
2
7
7
9
1
1
6
9
1
1
1
6
1
14
1
9
1
1
1
9
1
1
1
6
9
16
1
1
14
6
6
3
28
10
10
10
10
5
5
10
61
0 1 3
1 2 3
2 3 3
3 4 3
4 5 3
5 0 3
0 6 0
4 7 0
5 8 0
2 9 0
9 10 0
10 11 0
11 12 0
12 3 0
10 13 1
13 14 0
14 15 0
15 16 0
16 11 0
11 17 0
14 18 0
18 19 0
19 20 1
20 21 0
21 15 0
14 22 0
15 23 0
12 24 0
12 25 0
25 26 0
25 27 0
25 28 0
16 29 0
16 30 0
21 31 0
21 32 0
31 33 0
33 34 0
33 35 0
33 36 0
31 37 0
37 38 0
37 39 0
37 40 0
20 41 0
19 42 0
42 43 0
42 44 0
42 45 0
43 46 0
13 47 0
1 48 0
9 49 1
18 50 1
47 51 0
29 52 0
24 53 0
41 54 0
46 55 0
46 56 0
48 57 0
51
0
0
0
0
0
0
1
1
9
16
9
9
1
1
1
1
2
0
16
0
0
0
0
0
1
1
9
9
16
1
1
7
7
1
1
9
1
1
1
16
9
1
1
1
16
9
1
1
1
28
1
55
0 1 3
1 2 3
2 3 3
3 4 3
4 5 3
5 0 3
0 6 0
3 7 0
2 8 0
1 9 0
9 10 0
10 11 0
10 12 0
10 13 0
11 8 0
8 14 0
11 15 0
8 16 0
16 17 0
11 18 0
18 19 0
19 20 3
20 21 3
21 22 3
22 23 3
23 17 3
17 19 3
22 24 0
23 25 0
20 26 0
26 27 0
27 28 0
28 21 0
26 29 0
26 30 0
27 31 0
31 32 1
32 33 0
32 34 0
31 35 0
35 36 0
35 37 0
35 38 0
5 39 0
39 40 0
40 41 0
40 42 0
40 43 0
4 44 0
44 45 0
45 46 0
45 47 0
45 48 0
16 49 1
27 50 0
40
0
0
0
0
0
0
1
1
1
1
1
0
0
0
0
0
0
1
1
1
1
1
9
16
1
9
9
1
1
14
1
1
9
1
1
1
9
1
1
1
41
0 1 3
1 2 3
2 3 3
3 4 3
4 5 3
5 0 3
0 6 0
1 7 0
2 8 0
4 9 0
5 10 0
11 12 3
12 13 3
13 14 3
14 15 3
15 16 3
16 11 3
11 17 0
12 18 0
13 19 0
14 20 0
16 21 0
3 22 0
15 22 0
22 23 0
22 24 0
23 25 0
25 26 0
25 27 0
25 28 0
26 29 0
26 30 0
26 31 0
29 32 0
32 33 0
32 34 0
32 35 0
29 36 0
36 37 0
36 38 0
36 39 0
2
37
38
1
0 1 0
42
0
0
0
0
0
0
1
1
1
1
2
9
1
1
1
28
13
2
4
9
9
9
9
9
9
1
1
1
1
1
1
1
1
1
1
1
5
3
3
3
4
5
43
0 1 3
1 2 3
2 3 3
3 4 3
4 5 3
5 0 3
1 6 0
2 7 0
4 8 0
5 9 0
0 10 0
10 11 0
11 12 0
11 13 0
11 14 0
10 15 1
3 16 0
17 18 0
18 19 0
19 20 0
20 21 0
21 22 0
22 23 0
23 24 0
24 19 0
19 25 0
20 26 0
20 27 0
21 28 0
21 29 0
22 30 0
22 31 0
23 32 0
23 33 0
24 34 0
24 35 0
18 36 0
17 37 1
16 38 1
16 39 1
16 40 0
40 17 0
40 41 0
29
0
0
0
0
0
0
1
1
1
1
2
0
0
2
0
0
0
0
1
1
3
3
22
9
1
1
1
3
3
31
0 1 3
1 2 3
2 3 3
3 4 3
4 5 3
5 0 3
0 6 0
1 7 0
4 8 0
5 9 0
2 10 0
10 11 0
11 12 3
12 13 0
13 3 0
11 14 3
14 15 3
15 16 3
16 17 3
17 12 3
14 18 0
15 19 0
13 20 1
10 21 1
17 22 0
16 23 0
23 24 0
23 25 0
23 26 0
22 27 1
22 28 1
20
9
7
7
2
25
6
6
9
1
6
9
1
6
1
1
15
10
10
10
10
20
0 1 0
1 2 1
2 3 0
3 4 0
4 0 0
1 5 0
2 6 0
0 7 0
0 8 0
7 9 0
7 10 0
7 11 0
10 12 0
10 13 0
10 14 0
3 15 1
5 16 0
6 17 0
9 18 0
12 19 0
40
0
0
0
0
0
0
1
1
9
1
1
1
9
9
1
1
1
9
1
1
1
9
1
1
1
6
9
9
1
1
1
9
1
1
1
9
1
1
1
10
40
0 1 3
1 2 3
2 3 3
3 4 3
4 5 3
5 0 3
3 6 0
5 7 0
4 8 0
8 9 0
8 10 0
8 11 0
2 12 0
12 13 0
13 14 0
13 15 0
13 16 0
12 17 0
17 18 0
17 19 0
17 20 0
12 21 0
21 22 0
21 23 0
21 24 0
1 25 0
0 26 0
26 27 0
27 28 0
27 29 0
27 30 0
26 31 0
31 32 0
31 33 0
31 34 0
26 35 0
35 36 0
35 37 0
35 38 0
25 39 0
22
0
0
0
0
0
0
1
1
1
1
0
0
0
0
0
0
1
1
1
1
16
16
24
0 1 3
1 2 3
2 3 3
3 4 3
4 5 3
5 0 3
0 6 0
1 7 0
4 8 0
5 9 0
10 11 3
11 12 3
12 13 3
13 14 3
14 15 3
15 10 3
11 16 0
12 17 0
13 18 0
14 19 0
3 20 0
20 15 0
2 21 0
21 10 0
24
9
9
4
1
1
2
2
16
15
37
15
16
37
4
1
1
2
2
15
16
37
15
16
37
23
0 1 0
0 2 0
0 3 0
0 4 0
2 5 0
2 6 0
5 7 0
5 8 1
7 9 0
6 10 1
6 11 0
11 12 0
1 13 0
1 14 0
1 15 0
13 16 0
13 17 0
17 18 1
17 19 0
19 20 0
16 21 1
16 22 0
22 23 0
44
9
9
9
9
16
9
16
9
9
9
9
16
9
1
1
1
1
6
9
1
1
1
1
6
6
9
1
16
6
1
1
1
9
10
10
10
10
6
1
1
10
1
1
1
46
0 1 0
1 2 0
2 3 0
3 4 0
4 5 0
5 0 0
0 6 0
7 8 0
8 9 0
9 10 0
10 11 0
11 12 0
12 7 0
6 10 0
10 13 0
0 14 0
5 15 0
3 16 0
2 17 0
1 18 0
18 19 0
18 20 0
18 21 0
9 22 0
8 23 0
7 24 0
12 25 0
2 26 0
1 27 0
9 28 0
8 29 0
7 30 0
12 31 0
27 32 0
17 33 0
28 34 0
23 35 0
24 36 0
25 37 0
25 38 0
25 39 0
37 40 0
32 5 0
32 41 0
32 42 0
3 43 0
28
0
0
0
0
0
0
1
1
1
1
1
9
2
0
0
0
0
0
0
1
1
1
1
1
6
1
28
10
29
0 1 3
1 2 3
2 3 3
3 4 3
4 5 3
5 0 3
0 6 0
1 7 0
2 8 0
4 9 0
5 10 0
3 11 0
11 12 0
12 13 0
13 14 3
14 15 3
15 16 3
16 17 3
17 18 3
18 13 3
14 19 0
15 20 0
16 21 0
17 22 0
18 23 0
11 24 0
11 25 0
12 26 1
24 27 0
19
9
9
9
1
1
9
1
1
4
1
1
2
9
1
1
1
1
3
5
19
0 1 0
0 2 0
0 3 0
0 4 0
2 5 0
2 6 0
2 7 0
5 8 0
5 9 0
5 10 0
8 11 0
11 12 0
12 1 0
12 13 0
12 14 0
1 15 0
1 16 0
11 17 1
8 18 0
27
0
0
0
0
0
0
1
1
1
1
1
9
6
9
1
9
1
1
1
14
1
9
10
1
1
1
5
27
0 1 3
1 2 3
2 3 3
3 4 3
4 5 3
5 0 3
0 6 0
1 7 0
2 8 0
4 9 0
5 10 0
3 11 0
11 12 0
11 13 0
11 14 0
13 15 0
15 16 0
15 17 0
15 18 0
13 19 0
13 20 0
19 21 0
12 22 0
21 23 0
21 24 0
21 25 0
19 26 0
31
9
9
9
9
9
9
1
1
1
1
1
1
9
1
1
1
1
6
1
9
1
9
1
1
1
9
1
1
1
1
10
31
0 1 0
1 2 0
2 3 0
3 4 0
4 5 0
5 0 0
0 6 0
0 7 0
3 8 0
3 9 0
5 10 0
5 11 0
4 12 0
4 13 0
12 14 0
12 15 0
12 16 0
2 17 0
2 18 0
1 19 0
1 20 0
19 21 0
21 22 0
21 23 0
21 24 0
19 25 0
19 26 0
25 27 0
25 28 0
25 29 0
17 30 0
13
0
0
0
0
0
0
1
1
1
1
1
6
10
13
0 1 3
1 2 3
2 3 3
3 4 3
4 5 3
5 0 3
0 6 0
1 7 0
2 8 0
3 9 0
5 10 0
4 11 0
11 12 0
22
0
0
39
39
0
0
1
1
1
0
0
0
0
1
1
1
4
4
5
5
5
5
23
0 1 3
1 2 3
2 3 3
3 4 3
4 5 3
5 0 3
0 6 0
4 7 0
5 8 0
2 9 3
9 10 3
10 11 3
11 12 3
12 3 3
9 13 0
10 14 0
11 15 0
1 16 0
12 17 0
17 18 0
17 19 0
16 20 0
16 21 0
15
0
0
0
0
0
0
1
1
1
1
2
25
2
15
15
16
0 1 3
1 2 3
2 3 3
3 4 3
4 5 3
5 0 3
0 6 0
1 7 0
4 8 0
5 9 0
2 10 0
10 11 0
11 12 0
12 3 0
12 13 1
10 14 1
42
0
0
0
0
0
0
1
1
1
1
9
1
1
1
13
4
2
4
3
3
5
3
9
9
9
9
9
9
14
1
1
1
1
1
1
1
1
1
1
1
1
5
43
0 1 3
1 2 3
2 3 3
3 4 3
4 5 3
5 0 3
1 6 0
2 7 0
4 8 0
5 9 0
0 10 0
10 11 0
10 12 0
10 13 0
3 14 0
14 15 0
15 16 0
16 17 0
14 18 1
14 19 1
15 20 0
16 21 1
22 23 0
23 24 0
24 25 0
25 26 0
26 27 0
27 28 0
28 22 0
22 29 0
22 30 0
23 31 0
23 32 0
24 33 0
24 34 0
25 35 0
25 36 0
26 37 0
26 38 0
27 39 0
27 40 0
17 28 0
17 41 0
36
19
6
0
0
0
0
0
0
0
0
1
1
1
1
1
0
0
0
0
0
1
1
1
1
1
0
0
0
0
0
1
1
1
1
1
5
38
0 1 0
0 2 0
0 3 0
0 4 0
2 5 3
5 6 3
6 7 3
7 8 3
8 9 3
9 2 3
5 10 0
6 11 0
7 12 0
8 13 0
9 14 0
3 15 3
15 16 3
16 17 3
17 18 3
18 19 3
19 3 3
15 20 0
16 21 0
17 22 0
18 23 0
19 24 0
4 25 3
25 26 3
26 27 3
27 28 3
28 29 3
29 4 3
25 30 0
26 31 0
27 32 0
28 33 0
29 34 0
1 35 0
67
9
9
9
9
9
9
1
1
1
1
1
1
9
9
9
9
1
1
1
1
1
9
9
9
9
1
1
1
1
1
1
9
9
9
1
1
1
1
1
6
1
9
1
1
1
9
1
1
1
9
1
9
1
1
1
9
1
9
1
1
2
1
1
6
15
10
5
70
0 1 0
1 2 0
2 3 0
3 4 0
4 5 0
5 0 0
1 6 0
1 7 0
4 8 0
4 9 0
5 10 0
5 11 0
2 12 0
12 13 0
13 14 0
14 15 0
15 3 0
2 16 0
12 17 0
12 18 0
13 19 0
13 20 0
14 21 0
21 22 0
22 23 0
23 24 0
24 15 0
15 25 0
14 26 0
23 27 0
23 28 0
24 29 0
24 30 0
31 32 0
32 33 0
32 34 0
32 35 0
33 36 0
33 37 0
22 31 0
21 33 0
21 38 0
0 39 0
0 40 0
3 41 0
41 42 0
41 43 0
41 44 0
22 45 0
45 46 0
45 47 0
45 48 0
31 49 0
31 50 0
49 51 0
51 52 0
51 53 0
51 54 0
49 55 0
49 56 0
55 57 0
55 58 0
55 59 0
57 60 0
57 61 0
57 62 0
60 63 0
60 64 1
39 65 0
63 66 0
26
6
9
9
1
1
6
9
1
6
9
1
6
9
1
6
9
1
6
1
1
10
10
10
10
10
10
25
0 1 0
1 2 0
1 3 0
1 4 0
2 5 0
2 6 0
2 7 0
6 8 0
6 9 0
6 10 0
9 11 0
9 12 0
9 13 0
12 14 0
12 15 0
12 16 0
15 17 0
15 18 0
15 19 0
0 20 0
5 21 0
8 22 0
11 23 0
14 24 0
17 25 0
30
0
0
0
0
0
0
1
1
1
1
1
9
9
1
1
4
1
1
2
40
4
2
40
40
5
5
5
5
41
41
30
0 1 3
1 2 3
2 3 3
3 4 3
4 5 3
5 0 3
0 6 0
1 7 0
2 8 0
4 9 0
5 10 0
3 11 0
11 12 0
11 13 0
11 14 0
12 15 0
12 16 0
12 17 0
15 18 0
18 19 1
18 20 0
20 21 0
21 22 1
21 23 0
15 24 0
20 25 0
19 26 0
22 27 0
23 28 0
23 29 0
20
0
0
0
0
0
0
1
1
1
1
2
3
4
2
4
3
5
5
5
5
20
0 1 3
1 2 3
2 3 3
3 4 3
4 5 3
5 0 3
0 6 0
1 7 0
4 8 0
5 9 0
3 10 0
10 11 1
10 12 0
2 13 0
13 14 0
13 15 1
12 16 0
12 17 0
14 18 0
14 19 0
54
0
0
0
0
0
0
1
1
16
9
16
1
1
9
9
1
1
9
1
1
1
1
1
9
16
1
1
9
9
1
1
16
1
1
9
9
1
1
16
1
1
9
9
1
1
9
1
1
9
1
1
1
1
1
55
0 1 3
1 2 3
2 3 3
3 4 3
4 5 3
5 0 3
1 6 0
4 7 0
2 8 0
8 9 0
9 10 0
10 3 0
9 11 0
9 12 0
5 13 0
13 14 0
13 15 0
13 16 0
14 17 0
14 18 0
14 19 0
17 20 0
17 21 0
17 22 0
0 23 0
23 24 0
23 25 0
23 26 0
24 27 0
27 28 0
27 29 0
27 30 0
28 31 0
28 32 0
28 33 0
31 34 0
34 35 0
34 36 0
34 37 0
35 38 0
35 39 0
35 40 0
38 41 0
41 42 0
41 43 0
41 44 0
42 45 0
42 46 0
42 47 0
45 48 0
45 49 0
45 50 0
48 51 0
48 52 0
48 53 0
3
42
3
3
2
0 1 1
0 2 1
36
0
0
0
0
0
0
1
1
1
1
9
1
1
1
13
3
3
4
2
3
4
9
9
1
1
9
1
1
9
1
1
1
1
1
5
5
36
0 1 3
1 2 3
2 3 3
3 4 3
4 5 3
5 0 3
1 6 0
2 7 0
4 8 0
5 9 0
3 10 0
10 11 0
10 12 0
10 13 0
0 14 0
14 15 1
14 16 1
14 17 0
17 18 0
18 19 1
18 20 0
20 21 0
21 22 0
21 23 0
21 24 0
22 25 0
22 26 0
22 27 0
25 28 0
25 29 0
25 30 0
28 31 0
28 32 0
28 33 0
17 34 0
20 35 0
22
11
11
11
29
22
3
3
4
2
4
3
9
9
5
5
1
1
1
1
1
27
1
22
1 2 3
2 3 3
3 0 3
2 4 0
4 5 1
4 6 1
0 7 0
7 8 0
8 9 0
8 10 1
9 11 0
11 12 0
7 13 0
9 14 0
11 15 0
11 16 0
12 17 0
12 18 0
12 19 0
0 20 3
20 1 3
1 21 0
27
0
0
26
26
0
0
11
11
27
1
1
1
1
5
9
9
14
2
6
15
5
5
5
1
1
1
1
28
0 1 3
1 2 3
2 3 3
3 4 3
4 5 3
5 0 3
6 7 3
7 8 3
3 6 3
2 8 3
0 9 0
1 10 0
4 11 0
5 12 0
8 13 0
6 14 0
14 15 0
15 16 0
15 17 0
17 18 0
17 19 1
18 20 0
16 21 0
16 22 0
15 23 0
14 24 0
14 25 0
7 26 0
16
0
0
0
0
0
0
1
1
1
1
1
9
6
1
1
10
16
0 1 3
1 2 3
2 3 3
3 4 3
4 5 3
5 0 3
0 6 0
1 7 0
2 8 0
3 9 0
5 10 0
4 11 0
11 12 0
11 13 0
11 14 0
12 15 0
42
0
0
0
0
0
0
1
1
1
1
1
16
9
2
1
1
3
4
33
5
34
33
1
35
3
36
9
9
1
2
1
16
15
43
9
1
1
1
9
1
1
1
44
0 1 3
1 2 3
2 3 3
3 4 3
4 5 3
5 0 3
0 6 0
1 7 0
2 8 0
4 9 0
5 10 0
3 11 0
11 12 0
12 13 0
12 14 0
12 15 0
13 16 1
13 17 0
17 18 0
17 19 0
18 20 0
18 21 0
18 22 0
21 23 0
23 20 0
20 24 1
21 25 0
25 26 0
26 27 0
27 23 0
21 28 0
27 29 0
27 30 0
29 31 0
29 32 1
31 33 0
26 34 0
34 35 0
34 36 0
34 37 0
26 38 0
38 39 0
38 40 0
38 41 0
57
0
39
0
0
0
0
1
1
9
9
7
2
1
1
9
9
9
7
1
1
1
9
7
7
2
9
1
1
1
6
10
6
10
3
28
6
10
6
1
10
14
1
9
1
1
1
9
1
1
1
2
4
3
5
5
6
10
60
0 1 3
1 2 3
2 3 3
3 4 3
4 5 3
5 0 3
0 6 0
5 7 0
2 8 0
8 9 0
9 10 0
10 11 0
11 3 0
8 12 0
8 13 0
9 14 0
14 15 0
15 16 0
16 17 0
17 10 1
9 18 0
14 19 0
14 20 0
15 21 0
21 22 0
22 23 1
23 24 0
24 16 0
1 25 0
25 26 0
25 27 0
25 28 0
1 29 0
29 30 0
4 31 0
31 32 0
11 33 1
24 34 1
17 35 0
35 36 0
16 37 0
15 38 0
37 39 0
21 40 0
21 41 0
40 42 0
42 43 0
42 44 0
42 45 0
40 46 0
46 47 0
46 48 0
46 49 0
23 50 0
50 51 0
50 52 1
51 53 0
51 54 0
22 55 0
55 56 0
23
0
0
0
0
0
0
1
1
1
1
1
9
9
1
1
9
1
1
1
14
1
5
5
23
0 1 3
1 2 3
2 3 3
3 4 3
4 5 3
5 0 3
0 6 0
1 7 0
2 8 0
4 9 0
5 10 0
3 11 0
11 12 0
11 13 0
11 14 0
12 15 0
15 16 0
15 17 0
15 18 0
12 19 0
12 20 0
19 21 0
19 22 0
11
9
9
2
1
1
2
1
1
15
15
25
11
0 1 0
0 2 0
0 3 0
0 4 0
1 5 0
1 6 0
1 7 0
2 8 1
5 9 1
5 10 0
2 10 0
178
9
9
1
6
10
6
9
1
1
1
10
9
25
2
1
9
9
1
1
1
1
1
15
9
9
9
1
1
1
1
9
9
1
16
9
16
9
9
9
9
1
1
9
1
1
1
1
6
1
10
16
9
1
1
1
9
1
1
1
1
9
1
1
1
1
9
9
2
28
9
9
1
1
9
1
1
1
1
9
1
1
1
1
9
1
1
1
6
10
1
16
9
16
9
9
9
9
1
1
1
6
1
10
14
1
9
1
1
1
9
1
1
1
9
1
1
1
9
1
1
1
1
9
9
1
1
1
9
1
1
9
1
1
9
1
1
9
1
1
9
1
1
9
1
1
9
1
1
9
1
1
9
1
1
9
1
1
9
1
1
9
1
1
9
1
1
9
1
1
9
1
1
2
1
1
6
15
5
179
0 1 0
0 2 0
0 3 0
3 4 0
1 5 0
1 6 0
6 7 0
6 8 0
6 9 0
5 10 0
1 11 0
11 12 0
12 13 0
11 14 0
11 15 0
15 16 0
15 17 0
15 18 0
16 19 0
16 20 0
16 21 0
13 22 1
13 23 0
23 24 0
23 25 0
25 26 0
25 27 0
25 28 0
23 29 0
24 30 0
30 31 0
24 32 0
24 33 0
33 34 0
34 35 0
35 36 0
36 37 0
37 38 0
38 39 0
39 34 0
39 40 0
39 41 0
36 42 0
36 43 0
42 44 0
42 45 0
42 46 0
37 47 0
37 48 0
47 49 0
38 50 0
50 51 0
51 52 0
51 53 0
51 54 0
38 55 0
55 56 0
55 57 0
55 58 0
34 59 0
30 60 0
60 61 0
60 62 0
60 63 0
30 64 0
31 65 0
0 66 0
66 67 0
67 68 1
67 69 0
69 70 0
70 65 0
70 71 0
70 72 0
66 73 0
73 74 0
73 75 0
73 76 0
66 77 0
69 78 0
78 79 0
78 80 0
78 81 0
69 82 0
65 83 0
83 84 0
83 85 0
83 86 0
65 87 0
87 88 0
31 89 0
31 90 0
90 91 0
91 92 0
92 93 0
93 94 0
94 95 0
95 96 0
96 91 0
94 97 0
94 98 0
91 99 0
96 100 0
96 101 0
100 102 0
95 103 0
95 104 0
103 105 0
105 106 0
105 107 0
105 108 0
103 109 0
109 110 0
109 111 0
109 112 0
103 113 0
113 114 0
113 115 0
113 116 0
93 117 0
93 118 0
117 119 0
117 120 0
117 121 0
122 123 0
122 124 0
122 125 0
122 126 0
123 127 0
123 128 0
123 129 0
127 130 0
127 131 0
127 132 0
130 133 0
130 134 0
130 135 0
133 136 0
133 137 0
133 138 0
136 139 0
136 140 0
136 141 0
139 142 0
139 143 0
139 144 0
142 145 0
142 146 0
142 147 0
145 148 0
145 149 0
145 150 0
148 151 0
148 152 0
148 153 0
151 154 0
151 155 0
151 156 0
154 157 0
154 158 0
154 159 0
157 160 0
157 161 0
157 162 0
160 163 0
160 164 0
160 165 0
163 166 0
163 167 0
163 168 0
166 169 0
166 170 0
166 171 0
169 172 0
169 173 0
169 174 0
172 175 0
172 176 1
175 177 0
25
0
0
0
0
0
0
1
1
1
1
6
9
6
9
1
14
1
1
9
1
1
1
10
5
10
25
0 1 3
1 2 3
2 3 3
3 4 3
4 5 3
5 0 3
0 6 0
1 7 0
2 8 0
4 9 0
5 10 0
3 11 0
11 12 0
11 13 0
11 14 0
13 15 0
13 16 0
13 17 0
15 18 0
18 19 0
18 20 0
18 21 0
12 22 0
15 23 0
10 24 0
72
0
0
0
0
0
0
1
1
1
1
9
1
1
1
9
1
1
1
0
0
0
0
0
0
1
1
1
9
1
1
1
1
9
1
1
1
0
0
0
0
0
0
1
1
1
1
9
1
1
1
9
1
1
1
0
0
0
0
0
0
1
1
1
1
1
9
9
1
1
1
1
1
72
0 1 3
1 2 3
2 3 3
3 4 3
4 5 3
5 0 3
0 6 0
1 7 0
3 8 0
5 9 0
4 10 0
10 11 0
10 12 0
10 13 0
2 14 0
14 15 0
14 16 0
14 17 0
18 19 3
19 20 3
20 21 3
21 22 3
22 23 3
23 18 3
18 24 0
21 25 0
23 26 0
22 27 0
27 28 0
27 29 0
27 30 0
20 31 0
19 32 0
32 33 0
32 34 0
32 35 0
36 37 3
37 38 3
38 39 3
39 40 3
40 41 3
41 36 3
36 42 0
37 43 0
38 44 0
41 45 0
40 46 0
46 47 0
46 48 0
46 49 0
39 50 0
50 51 0
50 52 0
50 53 0
54 55 3
55 56 3
56 57 3
57 58 3
58 59 3
59 54 3
54 60 0
55 61 0
56 62 0
57 63 0
59 64 0
58 65 0
65 66 0
65 67 0
65 68 0
66 69 0
66 70 0
66 71 0
24
0
0
0
0
0
0
1
1
1
1
1
9
9
14
1
1
9
1
1
1
6
1
10
5
24
0 1 3
1 2 3
2 3 3
3 4 3
4 5 3
5 0 3
0 6 0
1 7 0
2 8 0
3 9 0
5 10 0
4 11 0
11 12 0
12 13 0
12 14 0
12 15 0
13 16 0
16 17 0
16 18 0
16 19 0
11 20 0
11 21 0
20 22 0
13 23 0
24
0
0
39
39
0
0
1
1
1
0
0
0
0
1
1
9
9
1
1
1
1
22
3
3
26
0 1 3
1 2 3
2 3 3
3 4 3
4 5 3
5 0 3
0 6 0
1 7 0
5 8 0
2 9 3
9 10 3
10 11 3
11 12 3
12 3 3
10 13 0
11 14 0
4 15 0
12 16 0
16 15 0
16 17 0
16 18 0
15 19 0
15 20 0
9 21 0
21 22 1
21 23 1
15
0
0
0
0
0
0
1
1
1
1
1
9
1
1
1
15
0 1 3
1 2 3
2 3 3
3 4 3
4 5 3
5 0 3
0 6 0
1 7 0
2 8 0
3 9 0
5 10 0
4 11 0
11 12 0
11 13 0
11 14 0
24
9
9
1
1
1
9
1
1
1
9
1
2
1
1
15
25
9
7
1
1
7
1
1
1
23
0 1 0
0 2 0
0 3 0
0 4 0
1 5 0
5 6 0
5 7 0
5 8 0
1 9 0
1 10 0
9 11 0
9 12 0
9 13 0
11 14 1
11 15 0
15 16 0
16 17 0
16 18 0
16 19 0
17 20 1
17 21 0
20 22 0
20 23 0
34
0
0
0
0
0
0
1
1
1
1
4
2
25
9
7
1
1
7
5
5
15
1
0
1
0
0
0
0
0
1
1
1
1
1
35
0 1 3
1 2 3
2 3 3
3 4 3
4 5 3
5 0 3
0 6 0
1 7 0
2 8 0
5 9 0
4 10 0
3 11 0
11 12 0
12 13 0
13 14 0
13 15 0
13 16 0
14 17 1
10 18 0
10 19 0
11 20 1
14 21 0
17 22 0
17 23 0
22 24 3
24 25 3
25 26 3
26 27 3
27 28 3
28 22 3
24 29 0
25 30 0
26 31 0
27 32 0
28 33 0
14
9
16
9
9
16
9
1
1
1
1
1
1
1
1
14
0 1 0
1 2 0
2 3 0
3 4 0
4 5 0
5 0 0
0 6 0
0 7 0
2 8 0
2 9 0
3 10 0
3 11 0
5 12 0
5 13 0
2
30
44
1
0 1 1
15
0
0
26
26
0
0
11
11
12
1
1
1
1
1
1
16
0 1 3
1 2 3
2 3 3
3 4 3
4 5 3
5 0 3
6 7 3
7 8 3
3 6 3
2 8 3
0 9 0
1 10 0
4 11 0
5 12 0
6 13 0
7 14 0
11
11
11
11
11
12
2
45
1
1
1
1
11
0 1 3
1 2 3
2 3 3
3 4 3
4 0 3
0 5 0
5 6 1
5 7 0
3 8 0
2 9 0
1 10 0
43
0
0
0
0
0
0
1
1
1
1
1
0
0
0
0
0
0
1
1
1
1
1
4
4
2
9
2
9
1
9
1
1
9
1
1
9
1
1
3
3
1
1
1
45
0 1 3
1 2 3
2 3 3
3 4 3
4 5 3
5 0 3
0 6 0
2 7 0
3 8 0
4 9 0
5 10 0
11 12 3
12 13 3
13 14 3
14 15 3
15 16 3
16 11 3
11 17 0
12 18 0
13 19 0
15 20 0
16 21 0
14 22 0
1 23 0
22 23 0
22 24 0
24 25 0
25 26 0
26 23 0
25 27 0
25 28 0
27 29 0
27 30 0
27 31 0
29 32 0
29 33 0
29 34 0
32 35 0
32 36 0
32 37 0
24 38 1
26 39 1
35 40 0
35 41 0
35 42 0
20
9
9
1
1
1
14
1
1
2
14
5
9
5
9
1
1
1
1
1
46
19
0 1 0
0 2 0
0 3 0
0 4 0
1 5 0
1 6 0
1 7 0
5 8 0
8 9 0
5 10 0
9 11 0
9 12 0
11 13 0
11 14 0
11 15 0
13 16 0
13 17 0
13 18 0
8 19 1
25
0
0
0
0
0
0
1
1
1
1
1
4
0
0
0
0
0
0
1
1
1
1
1
4
3
26
0 1 3
1 2 3
2 3 3
3 4 3
4 5 3
5 0 3
0 6 0
1 7 0
2 8 0
4 9 0
5 10 0
3 11 0
11 12 0
12 13 3
13 14 3
14 15 3
15 16 3
16 17 3
17 12 3
13 18 0
14 19 0
15 20 0
16 21 0
17 22 0
11 23 0
23 24 1
30
0
0
26
26
0
0
1
1
1
1
26
26
27
0
0
0
0
1
1
1
9
9
1
1
1
1
1
4
5
5
32
0 1 3
1 2 3
2 3 3
3 4 3
4 5 3
5 0 3
0 6 0
1 7 0
4 8 0
5 9 0
2 10 3
10 11 3
11 12 3
12 3 3
11 13 3
13 14 3
14 15 3
15 16 3
16 10 3
13 17 0
14 18 0
16 19 0
12 20 0
20 21 0
20 22 0
20 23 0
21 24 0
21 25 0
21 26 0
15 27 0
27 28 0
27 29 0
20
0
0
0
0
0
0
1
1
1
16
4
22
9
1
1
1
3
3
5
5
20
0 1 3
1 2 3
2 3 3
3 4 3
4 5 3
5 0 3
1 6 0
2 7 0
5 8 0
3 9 0
4 10 0
0 11 0
9 12 0
12 13 0
12 14 0
12 15 0
11 16 1
11 17 1
10 18 0
10 19 0
14
0
0
0
0
0
0
1
1
1
1
1
2
45
1
14
0 1 3
1 2 3
2 3 3
3 4 3
4 5 3
5 0 3
0 6 0
1 7 0
2 8 0
3 9 0
5 10 0
4 11 0
11 12 1
11 13 0
38
47
39
39
0
0
0
47
47
0
2
0
0
0
0
0
0
0
3
47
0
2
0
0
0
0
1
1
1
1
1
1
1
1
1
1
1
1
3
43
0 1 3
1 2 3
2 3 3
3 4 3
4 5 3
5 0 3
2 6 3
6 7 0
7 8 3
8 9 0
9 3 0
1 10 3
10 11 3
11 12 3
12 6 3
7 13 3
13 14 3
14 15 3
15 16 3
16 8 3
9 17 1
0 18 0
18 19 3
19 20 0
20 10 0
18 21 3
21 22 3
22 23 3
23 24 3
24 19 3
4 25 0
5 26 0
11 27 0
12 28 0
13 29 0
14 30 0
15 31 0
16 32 0
21 33 0
22 34 0
23 35 0
24 36 0
20 37 1
24
9
9
7
7
2
9
1
1
1
1
9
1
1
1
9
1
1
1
9
1
1
1
28
1
24
0 1 0
1 2 0
2 3 1
3 4 0
4 5 0
5 0 0
1 6 0
1 7 0
5 8 0
5 9 0
0 10 0
10 11 0
10 12 0
10 13 0
0 14 0
14 15 0
14 16 0
14 17 0
2 18 0
18 19 0
18 20 0
18 21 0
4 22 1
3 23 0
15
0
18
0
18
0
18
4
4
4
5
5
5
5
5
5
15
0 1 3
1 2 3
2 3 3
3 4 3
4 5 3
5 0 3
4 6 0
2 7 0
0 8 0
6 9 0
6 10 0
8 11 0
8 12 0
7 13 0
7 14 0
17
14
9
1
1
1
2
14
9
1
1
1
9
1
1
1
46
5
16
0 1 0
1 2 0
1 3 0
1 4 0
0 5 0
5 6 0
6 7 0
7 8 0
7 9 0
7 10 0
6 11 0
11 12 0
11 13 0
11 14 0
5 15 1
0 16 0
25
36
48
30
30
36
34
14
9
1
1
1
9
1
1
1
34
14
9
1
1
1
9
1
1
1
26
0 1 0
1 2 0
1 3 0
1 4 0
0 5 0
2 5 1
5 6 0
6 7 0
7 8 0
7 9 0
7 10 0
6 11 0
11 12 0
11 13 0
11 14 0
3 15 1
4 15 0
15 16 0
16 17 0
17 18 0
17 19 0
17 20 0
16 21 0
21 22 0
21 23 0
21 24 0
26
9
9
9
7
7
9
9
7
9
7
1
1
1
1
1
1
1
1
1
1
1
1
1
1
1
1
26
0 1 0
1 2 0
2 3 0
3 4 1
4 5 0
5 0 0
4 6 0
1 7 0
7 8 0
7 9 1
0 10 0
0 11 0
1 12 0
2 13 0
2 14 0
5 15 0
5 16 0
6 17 0
6 18 0
6 19 0
8 20 0
8 21 0
8 22 0
9 23 0
9 24 0
3 25 0
32
0
0
0
0
0
0
1
1
1
1
2
25
9
7
1
1
7
15
1
1
1
2
25
9
7
1
1
7
15
1
1
1
32
0 1 3
1 2 3
2 3 3
3 4 3
4 5 3
5 0 3
0 6 0
1 7 0
4 8 0
5 9 0
3 10 0
10 11 0
11 12 0
12 13 0
12 14 0
12 15 0
13 16 1
10 17 1
13 18 0
16 19 0
16 20 0
21 22 0
22 23 0
23 24 0
23 25 0
23 26 0
24 27 1
21 28 1
24 29 0
27 30 0
27 31 0
2 21 0
14
14
2
14
46
14
2
14
46
5
5
5
5
5
5
13
0 1 0
1 2 0
1 3 1
2 4 0
4 5 0
5 6 0
5 7 1
0 8 0
0 9 0
2 10 0
4 11 0
6 12 0
6 13 0
73
49
36
36
36
36
2
14
9
9
1
1
1
1
1
9
9
1
1
1
1
1
46
2
14
9
9
1
1
1
1
1
9
9
1
1
1
1
1
2
14
9
9
1
1
1
1
1
9
9
1
1
1
1
1
2
14
9
9
1
1
1
1
1
9
9
1
1
1
1
1
46
46
46
72
0 1 0
0 2 0
0 3 0
0 4 0
1 5 0
5 6 0
6 7 0
7 8 0
7 9 0
7 10 0
8 11 0
8 12 0
8 13 0
6 14 0
14 15 0
14 16 0
14 17 0
15 18 0
15 19 0
15 20 0
5 21 1
3 22 0
22 23 0
23 24 0
24 25 0
24 26 0
24 27 0
25 28 0
25 29 0
25 30 0
23 31 0
31 32 0
31 33 0
31 34 0
32 35 0
32 36 0
32 37 0
2 38 0
38 39 0
39 40 0
40 41 0
40 42 0
40 43 0
41 44 0
41 45 0
41 46 0
39 47 0
47 48 0
47 49 0
47 50 0
48 51 0
48 52 0
48 53 0
4 54 0
54 55 0
55 56 0
56 57 0
56 58 0
56 59 0
57 60 0
57 61 0
57 62 0
55 63 0
63 64 0
63 65 0
63 66 0
64 67 0
64 68 0
64 69 0
22 70 1
54 71 1
38 72 1
24
0
0
0
0
0
0
1
1
1
6
16
9
1
1
1
10
9
7
7
1
1
1
1
1
24
0 1 3
1 2 3
2 3 3
3 4 3
4 5 3
5 0 3
0 6 0
3 7 0
5 8 0
1 9 0
2 10 0
10 11 0
11 12 0
11 13 0
11 14 0
9 15 0
16 17 0
17 18 1
17 19 0
18 20 0
18 21 0
16 4 0
16 22 0
16 23 0
25
0
0
0
0
0
0
1
1
1
1
0
0
0
0
0
0
1
1
1
16
8
8
22
3
3
26
0 1 3
1 2 3
2 3 3
3 4 3
4 5 3
5 0 3
1 6 0
2 7 0
4 8 0
5 9 0
10 11 3
11 12 3
12 13 3
13 14 3
14 15 3
15 10 3
11 16 0
12 17 0
14 18 0
3 19 0
19 10 0
15 20 0
13 21 0
0 22 0
22 23 1
22 24 1
27
0
0
0
0
0
0
1
1
1
1
50
38
38
38
4
2
4
9
1
1
1
9
1
1
1
3
5
27
0 1 3
1 2 3
2 3 3
3 4 3
4 5 3
5 0 3
0 6 0
1 7 0
3 8 0
5 9 0
2 10 0
10 11 0
10 12 0
10 13 0
4 14 0
14 15 0
15 16 0
16 17 0
17 18 0
17 19 0
17 20 0
16 21 0
21 22 0
21 23 0
21 24 0
15 25 1
14 26 0
26
9
36
1
1
1
9
9
1
1
1
9
1
1
1
2
4
16
2
4
9
1
15
1
1
1
5
25
0 1 0
0 2 0
0 3 0
0 4 0
1 5 0
5 6 0
6 7 0
6 8 0
6 9 0
5 10 0
10 11 0
10 12 0
10 13 0
5 14 0
14 15 1
15 16 0
16 17 0
17 18 0
18 19 0
14 20 0
17 21 1
19 22 0
19 23 0
19 24 0
18 25 0
45
39
39
0
0
0
0
1
1
0
0
0
0
1
1
1
1
51
16
37
3
3
4
4
0
0
0
39
39
0
1
0
0
0
0
1
1
1
1
6
10
51
16
37
3
3
48
0 1 3
1 2 3
2 3 3
3 4 3
4 5 3
5 0 3
3 6 0
4 7 0
0 8 3
8 9 3
9 10 3
10 11 3
11 1 3
8 12 0
9 13 0
10 14 0
11 15 0
5 16 0
16 17 0
17 18 0
16 19 1
16 20 1
2 21 0
21 22 1
22 23 0
23 24 3
24 25 3
25 26 3
26 27 3
27 28 3
28 23 3
24 29 0
26 30 3
30 31 3
31 32 3
32 33 3
33 27 3
30 34 0
31 35 0
32 36 0
33 37 0
28 38 0
38 39 0
25 40 0
40 41 0
41 42 0
40 43 1
40 44 1
17
0
0
0
0
0
0
1
1
1
1
4
2
5
5
6
15
5
17
0 1 3
1 2 3
2 3 3
3 4 3
4 5 3
5 0 3
0 6 0
1 7 0
2 8 0
5 9 0
4 10 0
3 11 0
10 12 0
10 13 0
11 14 0
11 15 1
14 16 0
40
9
9
9
9
9
9
1
1
1
1
1
1
1
1
1
1
14
1
2
14
9
5
5
46
9
9
9
9
9
1
1
1
1
1
1
1
1
1
1
1
41
0 1 0
1 2 0
2 3 0
3 4 0
4 5 0
5 0 0
0 6 0
0 7 0
1 8 0
1 9 0
3 10 0
3 11 0
4 12 0
4 13 0
5 14 0
5 15 0
2 16 0
2 17 0
16 18 0
18 19 0
19 20 0
16 21 0
19 22 0
18 23 1
20 24 0
24 25 0
25 26 0
26 27 0
27 28 0
28 20 0
20 29 0
24 30 0
24 31 0
25 32 0
25 33 0
26 34 0
26 35 0
27 36 0
27 37 0
28 38 0
28 39 0
21
0
18
0
0
0
0
1
1
1
9
9
1
1
1
1
1
2
14
46
5
5
21
0 1 3
1 2 3
2 3 3
3 4 3
4 5 3
5 0 3
0 6 0
3 7 0
5 8 0
2 9 0
9 10 0
9 11 0
9 12 0
10 13 0
10 14 0
10 15 0
4 16 0
16 17 0
16 18 1
17 19 0
17 20 0
25
36
52
30
30
36
34
14
9
1
1
1
9
1
1
1
34
14
9
1
1
1
9
1
1
1
26
0 1 0
1 2 0
1 3 0
1 4 0
0 5 0
2 5 1
5 6 0
6 7 0
7 8 0
7 9 0
7 10 0
6 11 0
11 12 0
11 13 0
11 14 0
3 15 1
4 15 0
15 16 0
16 17 0
17 18 0
17 19 0
17 20 0
16 21 0
21 22 0
21 23 0
21 24 0
23
0
0
0
0
0
0
1
1
1
1
1
4
2
9
2
4
1
1
9
1
1
1
3
24
0 1 3
1 2 3
2 3 3
3 4 3
4 5 3
5 0 3
0 6 0
2 7 0
3 8 0
4 9 0
5 10 0
11 12 1
12 13 0
13 14 0
14 15 0
15 11 0
13 16 0
13 17 0
15 1 0
12 18 0
18 19 0
18 20 0
18 21 0
14 22 1
19
9
9
1
1
1
14
1
1
9
9
1
1
1
1
1
2
36
37
46
18
0 1 0
0 2 0
0 3 0
0 4 0
1 5 0
1 6 0
1 7 0
5 8 0
8 9 0
8 10 0
8 11 0
9 12 0
9 13 0
9 14 0
5 15 0
15 16 0
16 17 0
15 18 1
36
9
9
1
1
1
14
1
1
9
9
1
1
1
1
1
2
30
30
2
14
46
46
9
9
1
1
1
1
1
9
9
1
1
1
1
1
35
0 1 0
0 2 0
0 3 0
0 4 0
1 5 0
1 6 0
1 7 0
5 8 0
8 9 0
8 10 0
8 11 0
9 12 0
9 13 0
9 14 0
5 15 0
15 16 0
16 17 0
17 18 0
18 19 0
15 20 1
18 21 1
19 22 0
22 23 0
22 24 0
22 25 0
23 26 0
23 27 0
23 28 0
19 29 0
29 30 0
29 31 0
29 32 0
30 33 0
30 34 0
30 35 0
25
0
0
0
0
0
0
1
1
1
1
1
0
0
0
0
0
0
1
1
1
1
4
4
3
5
26
0 1 3
1 2 3
2 3 3
3 4 3
4 5 3
5 0 3
0 6 0
1 7 0
2 8 0
4 9 0
5 10 0
11 12 3
12 13 3
13 14 3
14 15 3
15 16 3
16 11 3
12 17 0
13 18 0
15 19 0
16 20 0
3 21 0
21 11 0
14 22 0
22 23 1
21 24 0
38
0
0
0
0
0
0
1
1
1
1
9
1
1
1
7
7
1
1
1
0
0
0
0
0
0
1
1
1
9
1
1
1
7
7
1
1
1
1
38
0 1 3
1 2 3
2 3 3
3 4 3
4 5 3
5 0 3
0 6 0
1 7 0
3 8 0
5 9 0
4 10 0
10 11 0
10 12 0
10 13 0
2 14 0
14 15 1
14 16 0
15 17 0
15 18 0
19 20 3
20 21 3
21 22 3
22 23 3
23 24 3
24 19 3
19 25 0
22 26 0
24 27 0
23 28 0
28 29 0
28 30 0
28 31 0
20 32 0
32 33 1
32 34 0
33 35 0
33 36 0
21 37 0
39
0
0
39
39
0
0
1
1
1
0
0
0
0
1
1
51
16
37
3
3
4
4
0
0
0
0
0
0
1
1
1
1
51
16
37
6
10
3
3
41
0 1 3
1 2 3
2 3 3
3 4 3
4 5 3
5 0 3
1 6 0
4 7 0
5 8 0
2 9 3
9 10 3
10 11 3
11 12 3
12 3 3
9 13 0
10 14 0
0 15 0
15 16 0
16 17 0
15 18 1
15 19 1
12 20 0
20 21 1
21 22 0
22 23 3
23 24 3
24 25 3
25 26 3
26 27 3
27 22 3
23 28 0
24 29 0
26 30 0
27 31 0
25 32 0
32 33 0
33 34 0
11 35 0
35 36 0
32 37 1
32 38 1
34
0
0
0
0
0
0
1
1
4
9
1
1
1
9
1
1
1
9
1
1
1
9
1
1
1
25
2
4
9
1
1
1
15
5
34
0 1 3
1 2 3
2 3 3
3 4 3
4 5 3
5 0 3
0 6 0
2 7 0
4 8 0
8 9 0
9 10 0
9 11 0
9 12 0
8 13 0
13 14 0
13 15 0
13 16 0
3 17 0
17 18 0
17 19 0
17 20 0
5 21 0
21 22 0
21 23 0
21 24 0
1 25 0
25 26 0
26 27 0
27 28 0
28 29 0
28 30 0
28 31 0
26 32 1
27 33 0
18
0
0
0
0
0
0
1
1
1
1
1
4
2
14
46
5
5
5
18
0 1 3
1 2 3
2 3 3
3 4 3
4 5 3
5 0 3
0 6 0
1 7 0
2 8 0
3 9 0
5 10 0
4 11 0
11 12 0
12 13 0
12 14 1
11 15 0
13 16 0
13 17 0
13
9
7
7
9
13
1
1
1
1
1
1
3
3
13
0 1 0
1 2 1
2 3 0
3 4 0
4 0 0
0 5 0
0 6 0
3 7 0
3 8 0
1 9 0
2 10 0
4 11 1
4 12 1
70
9
7
1
1
1
9
1
1
1
7
9
1
9
1
1
7
1
1
9
1
1
1
7
9
25
1
1
2
15
9
1
1
1
1
9
7
1
1
1
9
1
1
1
7
9
1
9
1
1
9
1
1
9
1
1
1
9
9
25
1
1
2
15
9
1
1
1
1
1
1
68
0 1 0
0 2 0
0 3 0
0 4 0
1 5 0
5 6 0
5 7 0
5 8 0
1 9 1
9 10 0
9 11 0
10 12 0
10 13 0
10 14 0
12 15 0
12 16 0
12 17 0
15 18 0
18 19 0
18 20 0
18 21 0
15 22 1
22 23 0
23 24 0
23 25 0
23 26 0
24 27 0
27 28 1
27 29 0
29 30 0
29 31 0
29 32 0
22 33 0
34 35 0
34 36 0
34 37 0
34 38 0
35 39 0
39 40 0
39 41 0
39 42 0
35 43 1
43 44 0
43 45 0
44 46 0
44 47 0
44 48 0
46 49 0
46 50 0
46 51 0
49 52 0
52 53 0
52 54 0
52 55 0
49 56 0
56 57 0
57 58 0
57 59 0
57 60 0
58 61 0
61 62 1
61 63 0
63 64 0
63 65 0
63 66 0
49 67 0
56 68 0
56 69 0
14
0
18
0
0
0
0
1
1
1
1
9
8
1
1
14
0 1 3
1 2 3
2 3 3
3 4 3
4 5 3
5 0 3
0 6 0
2 7 0
4 8 0
5 9 0
3 10 0
10 11 0
10 12 0
10 13 0
11
21
9
9
1
1
9
8
1
1
21
1
10
0 1 0
1 2 0
1 3 0
1 4 0
2 5 0
5 6 0
5 7 0
5 8 0
2 9 0
2 10 0
8
9
21
9
1
1
21
1
1
7
0 1 0
0 2 0
0 3 0
0 4 0
2 5 0
2 6 0
2 7 0
8
9
9
8
1
1
8
1
1
7
0 1 0
0 2 0
0 3 0
0 4 0
1 5 0
1 6 0
1 7 0
9
8
7
7
1
9
1
8
1
1
8
0 1 0
1 2 1
1 3 0
2 4 0
2 5 0
4 6 0
4 7 0
4 8 0
97
0
0
0
0
0
0
1
1
1
1
2
25
9
9
7
9
9
9
1
1
1
1
1
1
1
7
9
9
9
1
1
1
9
9
9
9
1
1
1
1
1
1
9
9
9
1
1
1
1
1
15
4
9
9
1
1
8
1
1
9
9
1
1
8
1
1
1
9
1
1
1
9
1
9
1
1
1
9
1
9
1
1
9
1
1
9
1
1
9
1
1
1
9
1
1
1
1
101
0 1 3
1 2 3
2 3 3
3 4 3
4 5 3
5 0 3
0 6 0
1 7 0
3 8 0
4 9 0
5 10 0
10 11 0
11 12 0
12 13 0
13 14 0
14 15 0
15 16 0
16 17 0
17 12 0
12 18 0
13 19 0
13 20 0
16 21 0
16 22 0
17 23 0
17 24 0
14 25 1
25 26 0
26 27 0
27 28 0
28 15 0
26 29 0
26 30 0
15 31 0
27 32 0
32 33 0
33 34 0
34 35 0
35 28 0
28 36 0
27 37 0
34 38 0
34 39 0
35 40 0
35 41 0
32 42 0
42 43 0
43 44 0
44 33 0
32 45 0
42 46 0
42 47 0
43 48 0
43 49 0
10 50 1
2 51 0
51 52 0
52 53 0
52 54 0
52 55 0
53 56 0
53 57 0
53 58 0
51 59 0
59 60 0
59 61 0
59 62 0
60 63 0
60 64 0
60 65 0
25 66 0
33 67 0
67 68 0
67 69 0
67 70 0
44 71 0
44 72 0
71 73 0
73 74 0
73 75 0
73 76 0
71 77 0
71 78 0
77 79 0
77 80 0
77 81 0
79 82 0
79 83 0
79 84 0
82 85 0
82 86 0
82 87 0
85 88 0
88 89 0
88 90 0
88 91 0
85 92 0
85 93 0
92 94 0
92 95 0
92 96 0
10
17
17
9
1
1
1
16
1
1
1
10
0 1 0
1 2 0
2 3 0
2 4 0
2 5 0
0 6 0
0 7 0
0 8 0
6 1 0
1 9 0
28
0
0
0
0
0
0
1
1
8
8
8
2
25
6
8
32
3
25
9
1
1
1
25
9
1
1
1
5
28
0 1 3
1 2 3
2 3 3
3 4 3
4 5 3
5 0 3
2 6 0
5 7 0
4 8 0
3 9 0
1 10 0
0 11 0
11 12 0
11 13 1
13 14 0
12 15 0
15 16 1
15 17 0
17 18 0
18 19 0
18 20 0
18 21 0
15 22 0
22 23 0
23 24 0
23 25 0
23 26 0
13 27 0
17
9
25
1
1
1
32
25
25
9
1
1
1
9
1
1
1
3
16
0 1 0
0 2 0
0 3 0
0 4 0
1 5 0
5 6 0
5 7 0
7 8 0
8 9 0
8 10 0
8 11 0
6 12 0
12 13 0
12 14 0
12 15 0
5 16 1
35
32
3
25
9
9
1
1
21
9
1
21
1
1
25
9
25
9
9
1
1
9
21
1
1
21
1
9
1
1
9
21
1
21
1
1
34
0 1 1
0 2 0
2 3 0
3 4 0
3 5 0
3 6 0
4 7 0
4 8 0
4 9 0
8 10 0
8 11 0
8 12 0
0 13 0
13 14 0
0 15 0
15 16 0
14 17 0
14 18 0
14 19 0
17 20 0
20 21 0
20 22 0
20 23 0
17 24 0
17 25 0
16 26 0
16 27 0
16 28 0
26 29 0
26 30 0
26 31 0
29 32 0
29 33 0
29 34 0
12
7
7
1
1
9
1
1
1
9
8
1
1
11
0 1 1
1 2 0
1 3 0
0 4 0
4 5 0
4 6 0
4 7 0
0 8 0
8 9 0
8 10 0
8 11 0
18
32
3
25
25
9
1
1
1
9
1
1
1
25
7
7
1
8
8
17
0 1 1
0 2 0
0 3 0
3 4 0
4 5 0
4 6 0
4 7 0
2 8 0
8 9 0
8 10 0
8 11 0
0 12 0
12 13 0
13 14 1
13 15 0
14 16 0
14 17 0
30
0
0
0
0
0
0
1
1
1
1
9
17
17
16
1
1
1
16
1
1
16
9
17
1
1
17
16
1
1
1
32
0 1 3
1 2 3
2 3 3
3 4 3
4 5 3
5 0 3
0 6 0
1 7 0
3 8 0
5 9 0
10 11 0
11 12 0
11 13 0
11 14 0
12 13 0
12 15 0
12 16 0
4 17 0
17 10 0
10 18 0
10 19 0
2 20 0
20 21 0
21 22 0
21 23 0
21 24 0
22 25 0
22 26 0
22 27 0
26 25 0
25 28 0
25 29 0
8
9
9
21
1
1
1
1
1
7
0 1 0
1 2 0
1 3 0
1 4 0
0 5 0
0 6 0
0 7 0
27
0
0
0
0
0
0
1
1
1
1
0
0
0
0
0
0
1
1
1
1
16
4
4
5
5
5
5
28
0 1 3
1 2 3
2 3 3
3 4 3
4 5 3
5 0 3
1 6 0
2 7 0
4 8 0
5 9 0
10 11 3
11 12 3
12 13 3
13 14 3
14 15 3
15 10 3
11 16 0
12 17 0
14 18 0
15 19 0
3 20 0
20 10 0
13 21 0
0 22 0
22 23 0
22 24 0
21 25 0
21 26 0
27
0
0
0
0
0
0
1
1
1
1
1
0
0
0
0
18
0
1
1
4
4
4
4
5
5
5
5
28
0 1 3
1 2 3
2 3 3
3 4 3
4 5 3
5 0 3
0 6 0
1 7 0
2 8 0
4 9 0
5 10 0
11 12 3
12 13 3
13 14 3
14 15 3
15 16 3
16 11 3
12 17 0
13 18 0
3 19 0
19 20 1
20 11 0
16 21 0
14 22 0
21 23 0
21 24 0
22 25 0
22 26 0
27
0
0
0
0
0
0
1
1
1
1
0
0
0
0
0
0
1
1
1
1
36
4
4
5
5
5
5
28
0 1 3
1 2 3
2 3 3
3 4 3
4 5 3
5 0 3
1 6 0
2 7 0
4 8 0
5 9 0
10 11 3
11 12 3
12 13 3
13 14 3
14 15 3
15 10 3
11 16 0
12 17 0
14 18 0
15 19 0
3 20 0
20 10 0
13 21 0
0 22 0
22 23 0
22 24 0
21 25 0
21 26 0
11
17
17
16
1
1
9
1
6
1
1
10
11
0 1 0
0 2 0
0 3 0
0 4 0
2 1 0
1 5 0
1 6 0
5 7 0
5 8 0
5 9 0
7 10 0
13
9
9
6
1
1
6
9
1
53
1
1
10
10
12
0 1 0
0 2 0
0 3 0
0 4 0
1 5 0
1 6 0
1 7 0
6 8 0
6 9 0
6 10 0
2 11 0
5 12 0
22
17
9
9
9
9
17
1
1
1
1
1
1
16
1
1
17
1
17
16
1
1
1
24
0 1 0
1 2 0
2 3 0
3 4 0
4 5 0
5 0 0
1 6 0
1 7 0
2 8 0
2 9 0
4 10 0
4 11 0
5 12 0
5 13 0
0 12 0
0 14 0
3 15 0
3 16 0
15 17 0
15 18 0
15 19 0
18 17 0
17 20 0
17 21 0
21
9
8
9
1
1
9
1
1
1
16
1
9
9
1
1
1
9
1
8
1
1
20
0 1 0
0 2 0
0 3 0
0 4 0
2 5 0
5 6 0
5 7 0
5 8 0
2 9 0
2 10 0
9 11 0
11 12 0
12 13 0
12 14 0
12 15 0
11 16 0
11 17 0
16 18 0
16 19 0
16 20 0
13
54
3
25
5
25
9
1
1
1
9
1
1
1
12
0 1 1
0 2 0
0 3 0
0 4 0
2 5 0
5 6 0
5 7 0
5 8 0
4 9 0
9 10 0
9 11 0
9 12 0
13
17
17
9
9
1
1
1
1
1
16
1
1
1
13
0 1 0
1 2 0
2 3 0
2 4 0
2 5 0
3 6 0
3 7 0
3 8 0
0 9 0
0 10 0
0 11 0
9 1 0
1 12 0
96
0
0
0
0
0
0
1
1
1
1
4
9
9
1
1
8
1
1
9
9
1
1
8
1
1
2
25
0
15
0
0
0
0
0
1
1
1
9
9
9
9
1
1
1
1
9
9
9
9
1
1
1
1
1
1
9
9
9
1
1
1
1
1
9
1
1
1
25
1
2
0
15
0
0
0
0
0
1
1
1
1
4
9
9
1
1
8
1
1
9
9
1
1
8
1
1
101
0 1 3
1 2 3
2 3 3
3 4 3
4 5 3
5 0 3
0 6 0
2 7 0
3 8 0
5 9 0
4 10 0
10 11 0
11 12 0
11 13 0
11 14 0
12 15 0
12 16 0
12 17 0
10 18 0
18 19 0
18 20 0
18 21 0
19 22 0
19 23 0
19 24 0
1 25 0
25 26 0
26 27 0
25 28 1
27 29 3
29 30 3
30 31 3
31 32 3
32 33 3
33 27 3
29 34 0
32 35 0
33 36 0
30 37 0
37 38 0
38 39 0
39 40 0
40 31 0
37 41 0
37 42 0
38 43 0
38 44 0
39 45 0
45 46 0
46 47 0
47 48 0
48 40 0
40 49 0
39 50 0
47 51 0
47 52 0
48 53 0
48 54 0
45 55 0
55 56 0
56 57 0
57 46 0
45 58 0
55 59 0
55 60 0
56 61 0
56 62 0
46 63 0
63 64 0
63 65 0
63 66 0
57 67 0
57 68 0
67 69 0
69 70 0
69 71 1
70 72 3
72 73 3
73 74 3
74 75 3
75 76 3
76 70 3
72 77 0
74 78 0
75 79 0
76 80 0
73 81 0
81 82 0
82 83 0
82 84 0
82 85 0
83 86 0
83 87 0
83 88 0
81 89 0
89 90 0
89 91 0
89 92 0
90 93 0
90 94 0
90 95 0
26
9
9
16
9
9
14
1
1
1
1
1
1
1
1
54
25
25
9
1
1
1
9
1
1
1
3
26
0 1 0
1 2 0
2 3 0
3 4 0
4 5 0
5 0 0
0 6 0
0 7 0
1 8 0
1 9 0
3 10 0
3 11 0
4 12 0
4 13 0
5 14 0
14 15 0
14 16 0
16 17 0
17 18 0
17 19 0
17 20 0
15 21 0
21 22 0
21 23 0
21 24 0
14 25 1
15
25
33
34
33
1
1
9
1
1
1
9
1
1
1
15
15
0 1 0
0 2 0
2 3 0
1 3 0
1 4 0
1 5 0
3 6 0
6 7 0
6 8 0
6 9 0
3 10 0
10 11 0
10 12 0
10 13 0
2 14 1
28
9
9
9
9
9
9
1
1
1
1
9
1
1
1
1
9
1
1
1
9
1
1
1
9
1
1
1
8
29
0 1 0
1 2 0
2 3 0
3 4 0
4 5 0
5 0 0
2 6 0
2 7 0
3 8 0
3 9 0
4 10 0
4 11 0
10 1 0
10 12 0
10 13 0
1 14 0
0 15 0
15 16 0
15 17 0
15 18 0
0 19 0
19 20 0
19 21 0
19 22 0
5 23 0
23 24 0
23 25 0
23 26 0
5 27 0
17
0
0
0
0
0
0
1
1
1
1
4
9
1
1
1
5
5
17
0 1 3
1 2 3
2 3 3
3 4 3
4 5 3
5 0 3
0 6 0
1 7 0
2 8 0
5 9 0
4 10 0
3 11 0
11 12 0
11 13 0
11 14 0
10 15 0
10 16 0
11
8
9
9
1
1
8
9
1
1
1
1
10
0 1 0
1 2 0
1 3 0
1 4 0
2 5 0
2 6 0
2 7 0
6 8 0
6 9 0
6 10 0
26
3
32
25
9
9
1
1
8
1
1
25
9
9
1
1
8
1
1
25
9
9
1
1
8
1
1
25
0 1 1
1 2 0
2 3 0
3 4 0
3 5 0
3 6 0
4 7 0
4 8 0
4 9 0
1 10 0
10 11 0
11 12 0
11 13 0
11 14 0
12 15 0
12 16 0
12 17 0
1 18 0
18 19 0
19 20 0
19 21 0
19 22 0
20 23 0
20 24 0
20 25 0
11
7
7
1
1
9
1
4
1
1
55
46
10
0 1 1
0 2 0
0 3 0
1 4 0
1 5 0
4 6 0
4 7 0
4 8 0
6 9 1
9 10 1
16
54
3
9
1
1
1
25
9
1
1
1
25
9
1
1
1
15
0 1 1
0 2 0
2 3 0
2 4 0
2 5 0
0 6 0
6 7 0
7 8 0
7 9 0
7 10 0
0 11 0
11 12 0
12 13 0
12 14 0
12 15 0
18
17
17
16
1
1
9
1
16
1
1
9
7
1
1
7
1
1
1
18
0 1 0
0 2 0
0 3 0
0 4 0
2 1 0
1 5 0
1 6 0
5 7 0
5 8 0
5 9 0
7 10 0
10 11 0
10 12 0
10 13 0
11 14 1
11 15 0
14 16 0
14 17 0
11
9
9
1
1
1
9
1
1
8
1
1
10
0 1 0
0 2 0
0 3 0
0 4 0
1 5 0
1 6 0
1 7 0
5 8 0
5 9 0
5 10 0
31
0
0
0
0
0
0
1
1
4
4
4
2
9
36
1
1
56
25
25
9
1
1
1
30
9
1
1
1
3
1
1
32
0 1 3
1 2 3
2 3 3
3 4 3
4 5 3
5 0 3
1 6 0
4 7 0
5 8 0
8 9 1
9 10 0
10 11 0
11 0 0
10 12 0
12 13 0
12 14 0
12 15 0
13 16 0
16 17 0
16 18 0
18 19 0
19 20 0
19 21 0
19 22 0
16 23 1
17 24 0
24 25 0
24 26 0
24 27 0
11 28 1
2 29 0
3 30 0
37
9
9
1
1
1
25
1
1
54
25
9
9
1
1
1
1
1
46
25
0
0
0
0
0
0
1
1
1
36
9
1
1
1
9
1
1
1
37
0 1 0
0 2 0
0 3 0
0 4 0
1 5 0
1 6 0
1 7 0
5 8 0
8 9 0
9 10 0
10 11 0
10 12 0
10 13 0
11 14 0
11 15 0
11 16 0
8 17 1
8 18 0
18 19 0
19 20 3
20 21 3
21 22 3
22 23 3
23 24 3
24 19 3
20 25 0
21 26 0
24 27 0
23 28 0
28 29 0
29 30 0
29 31 0
29 32 0
22 33 0
33 34 0
33 35 0
33 36 0
37
32
3
25
9
1
1
1
25
9
1
1
1
25
7
9
1
1
1
7
8
2
3
4
9
9
1
1
1
1
1
9
9
1
1
1
1
1
36
0 1 1
0 2 0
2 3 0
3 4 0
3 5 0
3 6 0
0 7 0
7 8 0
8 9 0
8 10 0
8 11 0
0 12 0
12 13 0
13 14 0
14 15 0
14 16 0
14 17 0
13 18 1
18 19 0
18 20 0
20 21 1
20 22 0
22 23 0
23 24 0
23 25 0
23 26 0
24 27 0
24 28 0
24 29 0
22 30 0
30 31 0
30 32 0
30 33 0
31 34 0
31 35 0
31 36 0
17
0
0
0
0
0
0
1
1
1
1
1
2
9
8
1
1
28
17
0 1 3
1 2 3
2 3 3
3 4 3
4 5 3
5 0 3
0 6 0
1 7 0
2 8 0
3 9 0
5 10 0
4 11 0
11 12 0
12 13 0
12 14 0
12 15 0
11 16 1
23
0
0
0
0
0
0
1
1
4
9
1
1
1
9
1
1
1
9
1
1
1
5
5
23
0 1 3
1 2 3
2 3 3
3 4 3
4 5 3
5 0 3
2 6 0
5 7 0
4 8 0
3 9 0
9 10 0
9 11 0
9 12 0
1 13 0
13 14 0
13 15 0
13 16 0
0 17 0
17 18 0
17 19 0
17 20 0
8 21 0
8 22 0
29
9
16
22
3
3
16
22
3
3
16
22
16
22
3
3
3
3
9
1
1
9
1
1
9
1
1
9
1
1
28
1 2 0
2 3 1
2 4 1
5 6 0
6 7 1
6 8 1
9 10 0
11 12 0
12 13 1
12 14 1
10 15 1
10 16 1
0 17 0
17 1 0
17 18 0
17 19 0
0 20 0
20 5 0
20 21 0
20 22 0
0 23 0
9 23 0
23 24 0
23 25 0
0 26 0
26 11 0
26 27 0
26 28 0
14
9
9
9
1
1
9
1
1
8
1
1
1
1
1
13
0 1 0
1 2 0
1 3 0
1 4 0
2 5 0
2 6 0
2 7 0
5 8 0
5 9 0
5 10 0
0 11 0
0 12 0
0 13 0
4
24
23
24
57
3
0 1 0
1 2 2
0 3 1
9
8
9
9
1
1
6
1
1
10
8
0 1 0
1 2 0
1 3 0
1 4 0
2 5 0
2 6 0
2 7 0
5 8 0
38
9
9
1
1
1
25
1
1
54
25
9
9
1
1
1
1
1
46
25
0
0
0
0
0
0
1
1
1
7
7
2
25
15
9
1
1
1
8
39
0 1 0
0 2 0
0 3 0
0 4 0
1 5 0
1 6 0
1 7 0
5 8 0
8 9 0
9 10 0
10 11 0
10 12 0
10 13 0
11 14 0
11 15 0
11 16 0
8 17 1
8 18 0
18 19 0
19 20 3
20 21 3
21 22 3
22 23 3
23 24 3
24 19 3
20 25 0
21 26 0
24 27 0
22 28 0
28 29 1
29 30 0
30 31 0
31 23 0
30 32 1
28 33 0
33 34 0
33 35 0
33 36 0
29 37 0
24
9
25
56
25
9
36
9
2
1
1
4
9
1
1
1
46
3
5
1
1
1
1
1
1
23
0 1 0
1 2 0
2 3 0
3 4 0
2 5 0
5 6 0
6 7 0
6 8 0
6 9 0
7 10 0
10 11 0
11 12 0
11 13 0
11 14 0
2 15 1
7 16 1
10 17 0
0 18 0
0 19 0
0 20 0
4 21 0
4 22 0
4 23 0
38
9
25
54
25
9
36
9
2
3
15
1
1
1
1
1
1
25
9
9
1
1
1
1
1
2
25
9
9
1
1
1
1
1
15
9
1
1
1
37
0 1 0
1 2 0
2 3 0
3 4 0
2 5 0
5 6 0
2 8 1
7 9 1
0 10 0
0 11 0
0 12 0
4 13 0
4 14 0
4 15 0
7 16 0
16 17 0
17 18 0
17 19 0
17 20 0
18 21 0
18 22 0
18 23 0
6 24 0
24 25 0
25 26 0
26 27 0
26 28 0
26 29 0
27 30 0
27 31 0
27 32 0
24 33 1
6 34 0
34 7 0
34 35 0
34 36 0
6 37 0
21
6
9
56
1
1
9
6
1
1
9
9
10
10
6
1
1
10
6
1
1
10
20
0 1 0
1 2 0
1 3 0
1 4 0
2 5 0
5 6 0
5 7 0
5 8 0
2 9 0
2 10 0
0 11 0
6 12 0
9 13 0
9 14 0
9 15 0
13 16 0
10 17 0
10 18 0
10 19 0
17 20 0
14
0
18
0
0
0
0
1
1
1
1
9
8
1
1
14
0 1 3
1 2 3
2 3 3
3 4 3
4 5 3
5 0 3
0 6 0
3 7 0
4 8 0
5 9 0
2 10 0
10 11 0
10 12 0
10 13 0
40
9
9
1
1
1
25
1
1
54
25
9
9
1
1
1
1
1
46
25
0
0
0
18
0
18
1
9
1
1
1
9
9
1
1
1
9
1
1
1
1
40
0 1 0
0 2 0
0 3 0
0 4 0
1 5 0
1 6 0
1 7 0
5 8 0
8 9 0
9 10 0
10 11 0
10 12 0
10 13 0
11 14 0
11 15 0
11 16 0
8 17 1
8 18 0
18 19 0
19 20 3
20 21 3
21 22 3
22 23 3
23 24 3
24 19 3
20 25 0
21 26 0
26 27 0
26 28 0
26 29 0
23 30 0
30 31 0
31 32 0
31 33 0
31 34 0
30 35 0
30 36 0
35 37 0
35 38 0
35 39 0
23
4
9
2
4
2
1
1
4
3
5
3
22
3
3
11
11
11
11
12
2
1
1
1
24
0 1 0
1 2 0
2 3 0
3 4 0
4 0 0
1 5 0
1 6 0
7 0 0
2 8 1
3 9 0
4 10 1
11 12 1
11 13 1
11 14 0
15 16 3
16 17 3
17 18 3
14 15 3
14 18 3
17 19 0
19 7 1
19 20 0
15 21 0
16 22 0
50
9
16
9
9
16
9
1
1
1
1
36
1
56
36
1
56
46
46
25
25
9
9
1
1
1
1
1
9
9
1
1
1
1
1
25
9
9
1
1
1
1
1
25
9
9
1
1
1
1
1
50
0 1 0
1 2 0
2 3 0
3 4 0
4 5 0
5 0 0
0 6 0
0 7 0
5 8 0
5 9 0
3 10 0
3 11 0
10 12 0
2 13 0
2 14 0
13 15 0
12 16 1
15 17 1
12 18 0
12 19 0
18 20 0
20 21 0
20 22 0
20 23 0
21 24 0
21 25 0
21 26 0
19 27 0
27 28 0
27 29 0
27 30 0
28 31 0
28 32 0
28 33 0
15 34 0
34 35 0
35 36 0
35 37 0
35 38 0
36 39 0
36 40 0
36 41 0
15 42 0
42 43 0
43 44 0
43 45 0
43 46 0
44 47 0
44 48 0
44 49 0
38
9
25
1
1
1
56
36
46
25
9
1
1
1
2
2
15
15
25
9
9
1
1
1
1
1
25
9
9
1
1
1
1
1
9
9
1
1
1
37
0 1 0
0 2 0
0 3 0
0 4 0
1 5 0
5 6 0
5 7 1
5 8 0
8 9 0
9 10 0
9 11 0
9 12 0
14 15 1
13 16 1
14 17 0
17 18 0
18 19 0
18 20 0
18 21 0
19 22 0
19 23 0
19 24 0
13 25 0
25 26 0
26 27 0
26 28 0
26 29 0
27 30 0
27 31 0
27 32 0
6 33 0
33 14 0
33 34 0
33 35 0
34 13 0
34 36 0
34 37 0
5
9
8
8
1
1
4
0 1 0
0 2 0
0 3 0
0 4 0
5
9
21
8
8
1
4
0 1 0
0 2 0
0 3 0
0 4 0
5
9
21
21
21
1
4
0 1 0
0 2 0
0 3 0
0 4 0
5
9
8
21
21
1
4
0 1 0
0 2 0
0 3 0
0 4 0
5
9
53
53
53
1
4
0 1 0
0 2 0
0 3 0
0 4 0
41
9
4
9
0
0
0
0
0
0
1
1
1
1
9
0
1
1
0
0
0
0
0
1
1
1
1
4
9
9
1
1
1
1
1
1
1
1
1
1
1
1
42
0 1 0
1 2 0
1 3 0
3 4 3
4 5 3
5 6 3
6 7 3
7 8 3
8 3 3
4 9 0
5 10 0
7 11 0
8 12 0
6 13 0
13 14 0
13 15 0
13 16 0
14 17 3
17 18 3
18 19 3
19 20 3
20 21 3
21 14 3
17 22 0
18 23 0
20 24 0
21 25 0
19 26 0
26 27 0
26 28 0
27 29 0
27 30 0
27 31 0
28 32 0
28 33 0
28 34 0
2 35 0
2 36 0
2 37 0
0 38 0
0 39 0
0 40 0
40
9
4
9
0
0
0
0
0
0
1
1
1
1
2
0
0
0
0
0
0
1
1
1
1
4
9
9
3
1
1
1
1
1
1
1
1
1
1
1
1
41
0 1 0
1 2 0
1 3 0
3 4 3
4 5 3
5 6 3
6 7 3
7 8 3
8 3 3
4 9 0
5 10 0
7 11 0
8 12 0
6 13 0
13 14 0
14 15 3
15 16 3
16 17 3
17 18 3
18 19 3
19 14 3
15 20 0
16 21 0
18 22 0
19 23 0
17 24 0
24 25 0
24 26 0
13 27 1
25 28 0
25 29 0
25 30 0
26 31 0
26 32 0
26 33 0
2 34 0
2 35 0
2 36 0
0 37 0
0 38 0
0 39 0
20
9
4
9
0
0
0
0
0
0
1
1
1
1
1
1
1
1
1
1
1
20
0 1 0
1 2 0
1 3 0
3 4 3
4 5 3
5 6 3
6 7 3
7 8 3
8 3 3
4 9 0
5 10 0
7 11 0
8 12 0
6 13 0
2 14 0
2 15 0
2 16 0
0 17 0
0 18 0
0 19 0
20
11
11
11
11
12
22
2
4
4
2
4
3
3
1
5
5
5
3
1
1
20
0 1 3
1 2 3
2 3 3
3 4 3
4 0 3
0 5 0
3 6 0
6 7 1
7 8 0
8 9 0
9 10 0
5 11 1
5 12 1
6 13 0
8 14 0
10 15 0
10 16 0
9 17 1
1 18 0
2 19 0
26
9
4
9
0
0
0
0
0
0
1
1
1
1
4
4
51
16
37
3
3
1
1
1
1
1
1
26
0 1 0
1 2 0
1 3 0
3 4 3
4 5 3
5 6 3
6 7 3
7 8 3
8 3 3
4 9 0
5 10 0
7 11 0
8 12 0
6 13 0
13 14 1
14 15 0
15 16 0
16 17 0
15 18 1
15 19 1
2 20 0
2 21 0
2 22 0
0 23 0
0 24 0
0 25 0
13
22
9
22
22
22
3
3
3
3
3
3
3
3
12
0 1 0
1 2 0
1 3 0
1 4 0
0 5 1
0 6 1
2 7 1
2 8 1
4 9 1
4 10 1
3 11 1
3 12 1
13
22
9
9
1
1
2
6
15
3
3
5
1
1
12
0 1 0
1 2 0
1 3 0
1 4 0
5 6 0
5 7 1
0 8 1
0 9 1
6 10 0
2 5 0
2 11 0
2 12 0
15
7
7
1
1
2
1
15
25
9
9
1
1
1
1
1
14
0 1 1
0 2 0
0 3 0
1 4 0
1 5 0
4 6 1
4 7 0
7 8 0
8 9 0
8 10 0
8 11 0
9 12 0
9 13 0
9 14 0
14
7
7
1
1
2
1
3
4
9
6
1
1
5
10
13
0 1 1
0 2 0
0 3 0
1 4 0
1 5 0
4 6 1
4 7 0
7 8 0
8 9 0
8 10 0
8 11 0
7 12 0
9 13 0
15
7
7
1
1
9
1
1
1
2
25
9
1
1
1
15
14
0 1 1
0 2 0
0 3 0
1 4 0
4 5 0
4 6 0
4 7 0
1 8 0
8 9 0
9 10 0
10 11 0
10 12 0
10 13 0
8 14 1
9
2
9
2
45
1
45
1
37
1
8
0 1 0
1 2 0
0 3 1
0 4 0
2 5 1
2 6 0
1 7 0
1 8 0
26
9
9
16
9
16
9
1
1
9
1
1
1
1
9
1
1
1
1
25
1
2
9
1
1
1
15
26
0 1 0
1 2 0
2 3 0
3 4 0
4 5 0
5 0 0
0 6 0
0 7 0
5 8 0
5 9 0
8 10 0
8 11 0
8 12 0
3 13 0
3 14 0
13 15 0
13 16 0
13 17 0
1 18 0
1 19 0
18 20 0
20 21 0
21 22 0
21 23 0
21 24 0
20 25 1
26
9
9
14
1
1
9
9
1
1
2
36
9
46
7
1
1
8
7
1
1
1
1
1
1
1
1
25
0 1 0
1 2 0
1 3 0
1 4 0
2 5 0
5 6 0
5 7 0
5 8 0
2 9 0
9 10 0
10 11 0
9 12 1
11 13 0
11 14 0
11 15 0
13 16 0
13 17 1
17 18 0
17 19 0
6 20 0
6 21 0
6 22 0
0 23 0
0 24 0
0 25 0
12
9
7
1
1
1
9
1
1
1
7
8
1
11
0 1 0
0 2 0
0 3 0
0 4 0
1 5 0
5 6 0
5 7 0
5 8 0
1 9 1
9 10 0
9 11 0
38
0
0
0
0
0
0
1
1
1
9
1
1
1
4
4
7
3
7
3
0
0
0
0
0
0
1
1
1
9
1
1
1
4
4
7
3
7
3
38
0 1 3
1 2 3
2 3 3
3 4 3
4 5 3
5 0 3
0 6 0
2 7 0
5 8 0
4 9 0
9 10 0
9 11 0
9 12 0
3 13 0
1 14 0
13 15 1
15 16 1
14 17 1
17 18 1
19 20 3
20 21 3
21 22 3
22 23 3
23 24 3
24 19 3
19 25 0
20 26 0
21 27 0
23 28 0
28 29 0
28 30 0
28 31 0
24 32 0
22 33 0
32 34 1
34 35 1
33 36 1
36 37 1
20
0
0
0
0
0
0
1
1
1
1
2
4
2
3
3
36
9
8
8
8
21
0 1 3
1 2 3
2 3 3
3 4 3
4 5 3
5 0 3
0 6 0
1 7 0
4 8 0
5 9 0
2 10 0
10 11 0
11 12 0
12 3 0
12 13 1
10 14 1
11 15 0
15 16 0
16 17 0
16 18 0
16 19 0
10
4
2
25
9
1
1
1
15
5
5
9
0 1 0
1 2 0
2 3 0
3 4 0
3 5 0
3 6 0
1 7 1
0 8 0
0 9 0
23
6
2
5
15
9
9
1
1
2
1
1
3
4
14
5
9
1
1
1
9
1
1
1
22
0 1 0
0 2 0
1 3 1
1 4 0
4 5 0
4 6 0
4 7 0
5 8 0
5 9 0
5 10 0
8 11 1
8 12 0
12 13 0
12 14 0
13 15 0
15 16 0
15 17 0
15 18 0
13 19 0
19 20 0
19 21 0
19 22 0
14
0
0
26
26
0
0
1
1
1
1
27
27
27
5
15
0 1 3
1 2 3
2 3 3
3 4 3
4 5 3
5 0 3
0 6 0
1 7 0
4 8 0
5 9 0
2 10 3
10 11 3
11 12 3
12 3 3
11 13 0
18
0
0
39
39
0
0
1
1
1
18
0
0
0
1
1
1
6
10
19
0 1 3
1 2 3
2 3 3
3 4 3
4 5 3
5 0 3
0 6 0
4 7 0
5 8 0
2 9 3
9 10 3
10 11 3
11 12 3
12 3 3
10 13 0
11 14 0
12 15 0
1 16 0
16 17 0
9
7
7
1
1
9
1
1
1
1
8
0 1 1
0 2 0
0 3 0
1 4 0
1 5 0
4 6 0
4 7 0
4 8 0
18
0
0
39
39
0
0
1
1
1
1
0
0
0
0
1
1
1
1
19
0 1 3
1 2 3
2 3 3
3 4 3
4 5 3
5 0 3
0 6 0
1 7 0
4 8 0
5 9 0
2 10 3
10 11 3
11 12 3
12 13 3
13 3 3
10 14 0
11 15 0
12 16 0
13 17 0
214
9
9
9
16
1
1
9
16
1
9
9
1
1
16
1
1
9
9
1
1
16
1
1
9
9
1
1
16
1
1
9
9
1
1
16
1
1
9
9
1
1
6
1
1
10
16
1
9
9
1
1
16
1
1
9
9
1
1
16
1
1
9
9
1
1
16
1
1
9
9
1
1
16
1
1
9
9
1
1
6
1
1
10
9
1
9
16
1
16
1
1
9
9
1
1
16
1
1
9
9
1
1
16
1
1
9
9
1
1
16
1
1
9
9
1
1
16
1
1
9
9
1
1
6
1
1
10
9
9
1
1
16
1
1
9
9
1
1
16
1
1
9
9
1
1
16
1
1
9
9
1
1
16
1
1
9
9
1
1
25
1
1
2
15
9
9
1
1
9
1
1
9
1
1
9
1
1
9
1
1
7
7
9
9
9
1
1
9
1
1
9
1
1
9
1
1
9
1
1
9
1
1
9
1
1
1
1
1
1
1
1
1
1
1
214
0 1 0
0 2 0
2 3 0
2 4 0
2 5 0
1 6 0
6 3 0
0 7 0
0 8 0
9 10 0
10 11 0
10 12 0
7 10 0
9 13 0
9 14 0
9 15 0
13 16 0
16 17 0
16 18 0
16 19 0
17 20 0
17 21 0
17 22 0
20 23 0
23 24 0
23 25 0
23 26 0
24 27 0
24 28 0
24 29 0
27 30 0
30 31 0
30 32 0
30 33 0
31 34 0
31 35 0
31 36 0
34 37 0
37 38 0
37 39 0
37 40 0
38 41 0
38 42 0
38 43 0
41 44 0
1 45 0
1 46 0
47 48 0
48 49 0
48 50 0
47 51 0
47 52 0
47 53 0
51 54 0
54 55 0
54 56 0
54 57 0
55 58 0
55 59 0
55 60 0
58 61 0
61 62 0
61 63 0
61 64 0
62 65 0
62 66 0
62 67 0
65 68 0
68 69 0
68 70 0
68 71 0
69 72 0
69 73 0
69 74 0
72 75 0
75 76 0
75 77 0
75 78 0
45 48 0
76 79 0
76 80 0
76 81 0
79 82 0
6 83 0
6 84 0
83 85 0
83 86 0
83 87 0
85 88 0
85 89 0
85 90 0
91 92 0
92 93 0
92 94 0
91 95 0
91 96 0
91 97 0
95 98 0
98 99 0
98 100 0
98 101 0
99 102 0
99 103 0
99 104 0
102 105 0
105 106 0
105 107 0
105 108 0
106 109 0
106 110 0
106 111 0
109 112 0
112 113 0
112 114 0
112 115 0
113 116 0
113 117 0
113 118 0
116 119 0
119 120 0
119 121 0
119 122 0
120 123 0
120 124 0
120 125 0
123 126 0
86 92 0
127 128 0
128 129 0
128 130 0
127 131 0
127 132 0
127 133 0
131 134 0
134 135 0
134 136 0
134 137 0
135 138 0
135 139 0
135 140 0
138 141 0
141 142 0
141 143 0
141 144 0
142 145 0
142 146 0
142 147 0
145 148 0
148 149 0
148 150 0
148 151 0
149 152 0
149 153 0
149 154 0
152 155 0
155 156 0
155 157 0
155 158 0
156 159 0
156 160 0
156 161 0
88 128 0
159 162 0
162 163 1
162 164 0
164 165 0
164 166 0
164 167 0
165 168 0
165 169 0
165 170 0
168 171 0
168 172 0
168 173 0
171 174 0
171 175 0
171 176 0
174 177 0
174 178 0
174 179 0
177 180 0
180 181 1
181 182 0
182 183 0
183 184 0
183 185 0
183 186 0
184 187 0
184 188 0
184 189 0
187 190 0
187 191 0
187 192 0
190 193 0
190 194 0
190 195 0
193 196 0
193 197 0
193 198 0
196 199 0
196 200 0
196 201 0
199 202 0
199 203 0
199 204 0
202 205 0
202 206 0
202 207 0
182 208 0
182 209 0
177 210 0
177 211 0
180 212 0
181 213 0
40
0
0
0
0
0
0
1
1
1
1
36
0
0
4
0
0
0
0
1
1
1
1
9
9
1
1
9
1
1
1
14
1
9
1
1
1
9
1
1
1
42
0 1 3
1 2 3
2 3 3
3 4 3
4 5 3
5 0 3
0 6 0
1 7 0
4 8 0
5 9 0
2 10 0
10 11 0
11 12 3
12 13 0
13 3 0
11 14 3
14 15 3
15 16 3
16 17 3
17 12 3
14 18 0
15 19 0
16 20 0
17 21 0
13 22 0
22 23 0
22 24 0
22 25 0
23 26 0
26 27 0
26 28 0
26 29 0
23 30 0
23 31 0
30 32 0
32 33 0
32 34 0
32 35 0
30 36 0
36 37 0
36 38 0
36 39 0
14
0
0
0
0
0
0
1
1
1
1
6
6
10
10
14
0 1 3
1 2 3
2 3 3
3 4 3
4 5 3
5 0 3
0 6 0
1 7 0
3 8 0
5 9 0
4 10 0
2 11 0
10 12 0
11 13 0
29
0
0
0
0
0
0
1
1
1
1
2
0
0
2
0
0
0
0
1
1
3
3
9
1
1
1
4
5
5
31
0 1 3
1 2 3
2 3 3
3 4 3
4 5 3
5 0 3
0 6 0
1 7 0
4 8 0
5 9 0
2 10 0
10 11 0
11 12 3
12 13 0
13 3 0
11 14 3
14 15 3
15 16 3
16 17 3
17 12 3
14 18 0
15 19 0
13 20 1
10 21 1
16 22 0
22 23 0
22 24 0
22 25 0
17 26 0
26 27 0
26 28 0
14
0
0
0
0
0
0
1
1
1
1
4
8
5
5
14
0 1 3
1 2 3
2 3 3
3 4 3
4 5 3
5 0 3
0 6 0
2 7 0
3 8 0
5 9 0
4 10 0
1 11 0
10 12 0
10 13 0
12
9
9
2
1
1
25
15
9
1
1
1
1
12
0 1 0
0 2 0
0 3 0
0 4 0
2 5 0
2 6 1
1 7 0
1 8 0
1 9 0
7 5 0
7 10 0
7 11 0
7
58
6
3
16
3
5
59
6
0 1 0
0 2 1
0 3 0
0 4 1
1 5 0
3 6 0
8
8
9
2
1
1
6
15
5
7
0 1 0
1 2 0
1 3 0
1 4 0
2 5 0
2 6 1
5 7 0
15
0
0
0
0
0
0
1
1
1
1
6
22
3
3
10
15
0 1 3
1 2 3
2 3 3
3 4 3
4 5 3
5 0 3
0 6 0
2 7 0
3 8 0
5 9 0
4 10 0
1 11 0
11 12 1
11 13 1
10 14 0
54
0
0
0
0
0
0
1
1
25
32
3
9
1
1
1
9
1
1
1
9
1
1
1
6
6
5
5
0
0
0
0
0
0
1
25
32
3
9
1
1
1
9
1
1
1
6
6
5
5
9
1
1
1
1
54
0 1 3
1 2 3
2 3 3
3 4 3
4 5 3
5 0 3
0 6 0
4 7 0
2 8 0
8 9 0
9 10 1
1 11 0
11 12 0
11 13 0
11 14 0
3 15 0
15 16 0
15 17 0
15 18 0
5 19 0
19 20 0
19 21 0
19 22 0
9 23 0
9 24 0
23 25 0
24 26 0
27 28 3
28 29 3
29 30 3
30 31 3
31 32 3
32 27 3
31 33 0
29 34 0
34 35 0
35 36 1
28 37 0
37 38 0
37 39 0
37 40 0
32 41 0
41 42 0
41 43 0
41 44 0
35 45 0
35 46 0
45 47 0
46 48 0
27 49 0
49 50 0
49 51 0
49 52 0
30 53 0
26
0
0
0
0
0
0
1
1
1
9
0
1
1
0
0
0
0
0
1
1
1
1
1
6
8
10
27
0 1 3
1 2 3
2 3 3
3 4 3
4 5 3
5 0 3
0 6 0
2 7 0
5 8 0
3 9 0
9 10 0
9 11 0
9 12 0
10 13 3
13 14 3
14 15 3
15 16 3
16 17 3
17 10 3
13 18 0
14 19 0
15 20 0
16 21 0
17 22 0
4 23 0
1 24 0
23 25 0
19
6
9
9
1
1
9
21
1
1
9
6
1
1
9
21
1
1
10
10
18
0 1 0
1 2 0
1 3 0
1 4 0
2 5 0
5 6 0
5 7 0
5 8 0
2 9 0
9 10 0
9 11 0
9 12 0
2 13 0
13 14 0
13 15 0
13 16 0
0 17 0
10 18 0
15
9
6
9
1
1
1
9
1
1
1
9
1
1
1
10
14
0 1 0
0 2 0
2 3 0
2 4 0
2 5 0
0 6 0
6 7 0
6 8 0
6 9 0
0 10 0
10 11 0
10 12 0
10 13 0
1 14 0
19
0
0
0
0
0
0
1
1
1
1
9
9
2
25
1
1
1
1
15
20
0 1 3
1 2 3
2 3 3
3 4 3
4 5 3
5 0 3
0 6 0
1 7 0
4 8 0
5 9 0
2 10 0
10 11 0
11 12 0
12 13 0
13 3 0
10 14 0
10 15 0
11 16 0
11 17 0
12 18 1
10
9
9
6
1
1
6
1
1
10
10
9
0 1 0
0 2 0
0 3 0
0 4 0
1 5 0
1 6 0
1 7 0
2 8 0
5 9 0
36
0
0
0
47
0
0
1
1
1
47
0
0
0
0
0
1
1
1
4
16
9
1
1
1
16
9
1
1
1
4
5
5
5
5
8
5
36
0 1 3
1 2 3
2 3 3
3 4 3
4 5 3
5 0 3
2 6 0
4 7 0
5 8 0
9 10 3
10 11 3
11 12 3
12 13 3
13 14 3
14 9 3
10 15 0
13 16 0
14 17 0
3 9 0
0 18 0
1 19 0
19 20 0
20 21 0
20 22 0
20 23 0
11 24 0
24 25 0
25 26 0
25 27 0
25 28 0
12 29 0
18 30 0
18 31 0
29 32 0
29 33 0
34 35 0
3
60
8
8
2
0 1 0
0 2 0
36
0
0
0
0
0
0
1
1
1
1
1
9
9
9
9
9
14
9
1
1
1
1
1
1
1
1
1
2
1
25
9
1
1
1
15
5
37
0 1 3
1 2 3
2 3 3
3 4 3
4 5 3
5 0 3
0 6 0
1 7 0
2 8 0
4 9 0
5 10 0
3 11 0
12 13 0
13 14 0
14 15 0
15 16 0
16 17 0
17 12 0
12 18 0
12 19 0
13 20 0
13 21 0
14 22 0
14 23 0
15 24 0
15 25 0
11 17 0
17 26 0
11 27 0
11 28 0
27 29 0
29 30 0
30 31 0
30 32 0
30 33 0
27 34 1
16 35 0
21
2
4
11
11
2
4
27
11
27
1
3
9
1
1
1
3
9
1
1
1
5
22
0 1 0
1 2 0
2 3 3
3 4 0
4 5 0
5 0 0
2 6 3
6 7 3
7 8 3
8 3 3
7 9 0
4 10 1
5 11 0
11 12 0
11 13 0
11 14 0
0 15 1
1 16 0
16 17 0
16 18 0
16 19 0
6 20 0
55
0
0
0
0
0
0
1
1
0
0
0
0
0
0
1
1
36
9
9
6
9
1
1
1
10
9
9
6
10
9
1
1
1
9
1
1
1
9
1
1
1
9
1
1
1
9
1
1
1
1
1
1
1
1
1
56
0 1 3
1 2 3
2 3 3
3 4 3
4 5 3
5 0 3
1 6 0
4 7 0
8 9 3
9 10 3
10 11 3
11 12 3
12 13 3
13 8 3
10 14 0
13 15 0
3 16 0
16 8 0
5 17 0
17 18 0
0 19 0
2 20 0
20 21 0
20 22 0
20 23 0
19 24 0
12 25 0
25 26 0
11 27 0
27 28 0
9 29 0
29 30 0
29 31 0
29 32 0
17 33 0
33 34 0
33 35 0
33 36 0
17 37 0
37 38 0
37 39 0
37 40 0
25 41 0
41 42 0
41 43 0
41 44 0
25 45 0
45 46 0
45 47 0
45 48 0
26 49 0
26 50 0
26 51 0
18 52 0
18 53 0
18 54 0
30
0
18
39
39
0
18
18
0
47
18
47
0
0
0
0
0
1
1
1
1
1
4
4
4
5
5
5
5
5
5
32
0 1 3
1 2 3
2 3 3
3 4 3
4 5 3
5 0 3
2 6 3
6 7 3
7 8 3
8 9 3
9 3 3
10 11 3
11 12 3
12 13 3
13 14 3
14 15 3
15 10 3
11 16 0
12 17 0
13 18 0
14 19 0
15 20 0
8 10 0
4 21 0
0 22 0
7 23 0
21 24 0
21 25 0
22 26 0
22 27 0
23 28 0
23 29 0
31
0
0
0
0
0
0
1
1
1
1
1
0
0
0
0
0
0
1
1
1
1
1
9
4
2
4
2
3
3
5
5
33
0 1 3
1 2 3
2 3 3
3 4 3
4 5 3
5 0 3
0 6 0
1 7 0
2 8 0
4 9 0
5 10 0
11 12 3
12 13 3
13 14 3
14 15 3
15 16 3
16 11 3
11 17 0
13 18 0
14 19 0
15 20 0
16 21 0
3 22 0
22 12 0
22 23 0
22 24 0
24 25 0
25 26 0
26 23 0
24 27 1
26 28 1
23 29 0
25 30 0
16
0
0
0
0
0
0
16
9
1
1
1
8
8
8
8
8
16
0 1 3
1 2 3
2 3 3
3 4 3
4 5 3
5 0 3
4 6 0
6 7 0
7 8 0
7 9 0
7 10 0
3 11 0
2 12 0
1 13 0
0 14 0
5 15 0
4
14
8
5
5
3
0 1 0
0 2 0
0 3 0
38
0
0
0
0
0
0
1
1
1
7
7
1
0
1
0
0
0
0
0
1
1
1
4
51
4
51
5
5
5
5
6
5
6
3
3
3
3
5
39
0 1 3
1 2 3
2 3 3
3 4 3
4 5 3
5 0 3
1 6 0
2 7 0
5 8 0
3 9 0
9 10 1
9 11 0
10 12 0
10 13 0
12 14 3
14 15 3
15 16 3
16 17 3
17 18 3
18 12 3
14 19 0
15 20 0
17 21 0
0 22 0
4 23 0
16 24 0
18 25 0
22 26 0
22 27 0
24 28 0
24 29 0
23 30 0
30 31 0
25 32 0
23 33 1
23 34 1
25 35 1
25 36 1
32 37 0
5
9
21
1
1
1
4
0 1 0
0 2 0
0 3 0
0 4 0
34
0
0
0
47
0
0
1
1
1
47
0
0
0
0
0
1
1
1
4
4
9
1
1
1
9
1
1
1
5
5
5
5
8
5
34
0 1 3
1 2 3
2 3 3
3 4 3
4 5 3
5 0 3
2 6 0
4 7 0
5 8 0
9 10 3
10 11 3
11 12 3
12 13 3
13 14 3
14 9 3
10 15 0
13 16 0
14 17 0
3 9 0
0 18 0
12 19 0
1 20 0
20 21 0
20 22 0
20 23 0
11 24 0
24 25 0
24 26 0
24 27 0
18 28 0
18 29 0
19 30 0
19 31 0
32 33 0
17
0
0
0
0
0
0
1
1
1
1
2
6
22
15
3
3
5
17
0 1 3
1 2 3
2 3 3
3 4 3
4 5 3
5 0 3
0 6 0
2 7 0
3 8 0
5 9 0
4 10 0
10 11 0
1 12 0
10 13 1
12 14 1
12 15 1
11 16 0
4
37
4
24
24
3
0 1 0
1 2 1
2 3 2
80
39
39
0
47
0
0
47
0
0
0
0
0
16
61
4
4
0
0
0
0
39
39
16
0
0
0
0
4
51
51
6
6
3
3
3
3
62
18
61
27
39
0
0
47
0
39
16
51
6
0
0
0
0
4
51
6
3
3
3
3
1
1
1
1
1
1
1
1
1
5
5
5
5
1
5
1
1
5
5
5
89
0 1 3
1 2 3
2 3 3
3 4 3
4 5 3
5 0 3
6 7 3
7 8 3
8 9 3
9 10 3
10 11 3
11 6 3
3 6 0
10 12 0
12 13 0
9 14 0
14 15 1
13 15 0
16 17 3
17 18 3
18 19 3
19 20 3
20 21 3
21 16 3
15 17 0
13 22 0
22 16 0
20 23 3
23 24 3
24 25 3
25 26 3
26 21 3
26 27 0
18 28 0
24 29 0
28 30 0
29 31 0
29 32 1
29 33 1
28 34 1
28 35 1
0 36 3
1 37 3
36 38 3
38 39 3
39 37 3
40 41 3
41 42 3
42 43 3
43 44 3
44 45 3
45 40 3
39 43 0
38 46 0
46 44 0
42 47 0
47 48 0
45 49 3
49 50 3
50 51 3
51 52 3
52 40 3
49 53 0
51 54 0
54 55 0
54 56 1
54 57 1
47 58 1
47 59 1
2 60 0
4 61 0
5 62 0
7 63 0
8 64 0
11 65 0
19 66 0
23 67 0
25 68 0
27 69 0
27 70 0
30 71 0
31 72 0
41 73 0
48 74 0
50 75 0
52 76 0
53 77 0
53 78 0
55 79 0
36
0
0
0
0
0
0
1
1
1
4
4
0
39
39
0
0
0
1
1
0
0
0
0
1
1
1
1
9
1
1
1
6
22
10
3
3
38
0 1 3
1 2 3
2 3 3
3 4 3
4 5 3
5 0 3
1 6 0
2 7 0
5 8 0
3 9 0
9 10 1
10 11 0
11 12 3
12 13 3
13 14 3
14 15 3
15 16 3
16 11 3
14 17 0
15 18 0
12 19 3
19 20 3
20 21 3
21 22 3
22 13 3
19 23 0
20 24 0
21 25 0
22 26 0
0 27 0
27 28 0
27 29 0
27 30 0
16 31 0
4 32 0
31 33 0
32 34 1
32 35 1
53
0
0
39
39
0
0
1
1
1
1
0
0
0
0
1
0
0
0
0
0
0
1
1
1
1
2
4
5
3
22
3
3
6
10
4
4
0
0
0
0
0
0
1
1
1
16
9
1
1
1
22
3
3
56
0 1 3
1 2 3
2 3 3
3 4 3
4 5 3
5 0 3
0 6 0
1 7 0
4 8 0
5 9 0
2 10 3
10 11 3
11 12 3
12 13 3
13 3 3
10 14 0
15 16 3
16 17 3
17 18 3
18 19 3
19 20 3
20 15 3
15 21 0
17 22 0
18 23 0
20 24 0
11 25 0
25 26 0
26 19 0
26 27 0
25 28 1
16 29 0
29 30 1
29 31 1
12 32 0
32 33 0
13 34 0
34 35 1
35 36 0
36 37 3
37 38 3
38 39 3
39 40 3
40 41 3
41 36 3
37 42 0
39 43 0
40 44 0
41 45 0
45 46 0
46 47 0
46 48 0
46 49 0
38 50 0
50 51 1
50 52 1
17
0
0
0
0
0
0
1
1
1
6
4
4
5
5
5
5
10
17
0 1 3
1 2 3
2 3 3
3 4 3
4 5 3
5 0 3
0 6 0
2 7 0
5 8 0
4 9 0
3 10 0
1 11 0
10 12 0
10 13 0
11 14 0
11 15 0
9 16 0
20
0
0
0
0
0
0
1
1
1
1
6
4
2
10
5
3
9
1
1
1
20
0 1 3
1 2 3
2 3 3
3 4 3
4 5 3
5 0 3
0 6 0
2 7 0
3 8 0
5 9 0
4 10 0
1 11 0
11 12 0
10 13 0
11 14 0
12 15 1
12 16 0
16 17 0
16 18 0
16 19 0
42
0
18
0
0
0
0
1
1
1
1
4
13
0
0
0
0
0
0
1
1
1
1
4
4
0
0
0
0
0
0
1
1
1
2
6
15
6
5
3
3
5
10
44
0 1 3
1 2 3
2 3 3
3 4 3
4 5 3
5 0 3
2 6 0
3 7 0
4 8 0
5 9 0
0 10 0
10 11 0
11 12 0
12 13 3
13 14 3
14 15 3
15 16 3
16 17 3
17 12 3
13 18 0
14 19 0
16 20 0
17 21 0
15 22 0
22 23 1
23 24 0
24 25 3
25 26 3
26 27 3
27 28 3
28 29 3
29 24 3
25 30 0
26 31 0
29 32 0
28 33 0
33 34 0
33 35 1
27 36 0
10 37 0
11 38 1
11 39 1
34 40 0
36 41 0
18
0
0
0
0
0
1
1
1
1
1
1
1
1
1
1
8
42
8
17
0 1 3
1 2 3
2 3 3
3 4 3
4 0 3
0 5 0
0 6 0
1 7 0
1 8 0
2 9 0
2 10 0
3 11 0
3 12 0
4 13 0
4 14 0
15 16 0
16 17 0
84
0
0
39
39
0
0
1
1
0
0
0
0
1
1
6
10
51
6
51
6
3
3
3
3
5
5
4
4
0
0
0
47
0
0
1
1
1
47
0
0
0
0
0
1
1
1
9
1
1
1
9
1
1
1
4
4
0
0
0
0
0
0
1
1
1
1
16
51
0
0
0
0
0
0
1
1
1
1
9
1
1
1
3
3
89
0 1 3
1 2 3
2 3 3
3 4 3
4 5 3
5 0 3
0 6 0
1 7 0
2 8 3
8 9 3
9 10 3
10 11 3
11 3 3
8 12 0
10 13 0
5 14 0
14 15 0
9 16 0
11 18 0
18 19 0
18 20 1
18 21 1
16 17 0
16 22 1
16 23 1
17 24 0
19 25 0
4 26 0
26 27 1
27 28 0
28 29 3
29 30 3
30 31 3
31 32 3
32 33 3
33 28 3
29 34 0
30 35 0
32 36 0
31 37 0
37 38 3
38 39 3
39 40 3
40 41 3
41 42 3
42 37 3
38 43 0
39 44 0
42 45 0
33 46 0
46 47 0
46 48 0
46 49 0
41 50 0
50 51 0
50 52 0
50 53 0
40 54 0
54 55 1
55 56 0
56 57 3
57 58 3
58 59 3
59 60 3
60 61 3
61 56 3
57 62 0
58 63 0
60 64 0
61 65 0
59 66 0
66 67 0
68 69 3
69 70 3
70 71 3
71 72 3
72 73 3
73 68 3
69 74 0
70 75 0
72 76 0
73 77 0
71 78 0
78 79 0
78 80 0
78 81 0
68 67 0
67 82 1
67 83 1
14
0
0
0
0
0
0
1
1
1
1
1
4
5
5
14
0 1 3
1 2 3
2 3 3
3 4 3
4 5 3
5 0 3
0 6 0
1 7 0
2 8 0
3 9 0
5 10 0
4 11 0
11 12 0
11 13 0
88
0
0
0
47
0
0
1
1
1
0
0
0
0
0
47
1
1
1
4
4
0
0
39
39
0
0
1
0
0
0
0
1
1
51
6
3
3
5
6
10
4
5
5
51
6
3
3
5
4
4
0
0
0
39
39
0
1
0
0
0
0
1
1
51
3
3
6
6
4
51
6
3
3
5
5
10
5
5
16
9
1
1
1
16
9
1
1
1
93
0 1 3
1 2 3
2 3 3
3 4 3
4 5 3
5 0 3
1 6 0
2 7 0
4 8 0
9 10 3
10 11 3
11 12 3
12 13 3
13 14 3
14 9 3
9 15 0
10 16 0
13 17 0
3 14 0
0 18 0
18 19 1
19 20 0
20 21 3
21 22 3
22 23 3
23 24 3
24 25 3
25 20 3
24 26 0
22 27 3
27 28 3
28 29 3
29 30 3
30 23 3
28 31 0
30 32 0
25 33 0
33 34 0
33 35 1
33 36 1
34 37 0
21 38 0
38 39 0
27 40 0
40 41 0
40 42 0
29 43 0
43 44 0
43 45 1
43 46 1
44 47 0
11 48 0
48 49 1
49 50 0
50 51 3
51 52 3
52 53 3
53 54 3
54 55 3
55 50 3
52 56 0
53 57 3
57 58 3
58 59 3
59 60 3
60 54 3
57 61 0
59 62 0
51 63 0
63 64 1
63 65 1
63 66 0
55 67 0
60 68 0
58 69 0
69 70 0
69 71 1
69 72 1
66 73 0
70 74 0
67 75 0
68 76 0
68 77 0
5 78 0
78 79 0
79 80 0
79 81 0
79 82 0
12 83 0
83 84 0
84 85 0
84 86 0
84 87 0
17
0
0
0
0
0
0
1
1
1
1
7
7
2
25
15
1
1
18
0 1 3
1 2 3
2 3 3
3 4 3
4 5 3
5 0 3
0 6 0
1 7 0
4 8 0
5 9 0
2 10 0
10 11 1
11 12 0
12 13 0
13 3 0
12 14 1
10 15 0
11 16 0
12
6
9
9
1
1
9
21
1
1
21
1
10
11
0 1 0
1 2 0
1 3 0
1 4 0
2 5 0
5 6 0
5 7 0
5 8 0
2 9 0
2 10 0
0 11 0
32
0
0
0
47
0
0
1
1
1
47
0
0
0
0
0
1
1
1
9
1
1
1
4
9
1
1
1
4
5
5
5
5
33
0 1 3
1 2 3
2 3 3
3 4 3
4 5 3
5 0 3
1 6 0
2 7 0
4 8 0
9 10 3
10 11 3
11 12 3
12 13 3
13 14 3
14 9 3
10 15 0
11 16 0
14 17 0
3 9 0
5 18 0
18 19 0
18 20 0
18 21 0
0 22 0
13 23 0
23 24 0
23 25 0
23 26 0
12 27 0
22 28 0
22 29 0
27 30 0
27 31 0
31
0
0
0
0
0
0
1
1
1
22
6
4
9
9
1
1
6
1
1
9
9
1
1
6
1
1
3
3
10
10
10
31
0 1 3
1 2 3
2 3 3
3 4 3
4 5 3
5 0 3
0 6 0
2 7 0
3 8 0
1 9 0
5 10 0
4 11 0
11 12 0
12 13 0
12 14 0
12 15 0
13 16 0
13 17 0
13 18 0
11 19 0
19 20 0
19 21 0
19 22 0
20 23 0
20 24 0
20 25 0
9 26 1
9 27 1
10 28 0
16 29 0
23 30 0
16
0
0
0
0
0
0
1
1
1
1
4
22
3
3
5
5
16
0 1 3
1 2 3
2 3 3
3 4 3
4 5 3
5 0 3
0 6 0
2 7 0
3 8 0
5 9 0
4 10 0
1 11 0
11 12 1
11 13 1
10 14 0
10 15 0
18
0
0
0
0
0
0
1
1
1
1
16
9
1
1
1
22
3
3
18
0 1 3
1 2 3
2 3 3
3 4 3
4 5 3
5 0 3
0 6 0
1 7 0
2 8 0
5 9 0
4 10 0
10 11 0
11 12 0
11 13 0
11 14 0
3 15 0
15 16 1
15 17 1
11
9
9
9
8
1
1
8
1
1
8
1
10
0 1 0
1 2 0
2 3 0
2 4 0
2 5 0
0 6 0
0 7 0
0 8 0
1 9 0
1 10 0
24
0
0
0
0
0
0
1
1
1
1
1
0
0
0
0
0
0
1
1
1
1
1
4
4
25
0 1 3
1 2 3
2 3 3
3 4 3
4 5 3
5 0 3
0 6 0
1 7 0
2 8 0
4 9 0
5 10 0
11 12 3
12 13 3
13 14 3
14 15 3
15 16 3
16 11 3
12 17 0
13 18 0
14 19 0
15 20 0
16 21 0
3 22 0
11 23 0
22 23 1
17
0
0
0
0
0
0
1
1
1
4
9
1
1
1
8
5
5
17
0 1 3
1 2 3
2 3 3
3 4 3
4 5 3
5 0 3
1 6 0
2 7 0
5 8 0
4 9 0
3 10 0
10 11 0
10 12 0
10 13 0
0 14 0
9 15 0
9 16 0
39
0
0
0
0
0
0
1
1
0
39
39
0
0
0
1
1
0
0
0
0
1
1
1
1
4
4
6
8
9
1
1
1
10
51
6
3
3
5
63
40
0 1 3
1 2 3
2 3 3
3 4 3
4 5 3
5 0 3
1 6 0
4 7 0
8 9 3
9 10 3
10 11 3
11 12 3
12 13 3
13 8 3
11 14 0
12 15 0
9 16 3
16 17 3
17 18 3
18 19 3
19 10 3
16 20 0
17 21 0
18 22 0
19 23 0
3 24 0
8 25 0
13 26 0
0 27 0
5 28 0
28 29 0
28 30 0
28 31 0
24 25 1
26 32 0
33 34 0
33 35 1
33 36 1
2 33 0
34 37 0
34
0
0
0
47
0
0
1
1
1
47
0
0
0
0
0
1
1
1
16
9
1
1
1
4
16
9
1
1
1
4
7
3
7
3
35
0 1 3
1 2 3
2 3 3
3 4 3
4 5 3
5 0 3
2 6 0
4 7 0
5 8 0
9 10 3
10 11 3
11 12 3
12 13 3
13 14 3
14 9 3
10 15 0
13 16 0
14 17 0
3 9 0
1 18 0
18 19 0
19 20 0
19 21 0
19 22 0
0 23 0
11 24 0
24 25 0
25 26 0
25 27 0
25 28 0
12 29 0
23 30 1
30 31 1
29 32 1
32 33 1
19
0
0
0
0
0
0
1
1
1
9
1
1
1
22
22
3
3
3
3
19
0 1 3
1 2 3
2 3 3
3 4 3
4 5 3
5 0 3
0 6 0
2 7 0
5 8 0
4 9 0
9 10 0
9 11 0
9 12 0
3 13 0
1 14 0
13 15 1
13 16 1
14 17 1
14 18 1
19
0
0
0
0
0
0
1
1
1
4
9
1
1
1
22
3
3
5
5
19
0 1 3
1 2 3
2 3 3
3 4 3
4 5 3
5 0 3
1 6 0
2 7 0
5 8 0
4 9 0
3 10 0
10 11 0
10 12 0
10 13 0
0 14 0
14 15 1
14 16 1
9 17 0
9 18 0
18
0
0
0
0
0
0
1
1
1
1
4
5
5
16
9
1
1
1
18
0 1 3
1 2 3
2 3 3
3 4 3
4 5 3
5 0 3
0 6 0
1 7 0
2 8 0
5 9 0
4 10 0
10 11 0
10 12 0
3 13 0
13 14 0
14 15 0
14 16 0
14 17 0
29
0
0
0
0
0
0
1
1
1
1
0
0
0
0
0
0
1
1
1
1
13
4
4
3
3
5
5
5
5
30
0 1 3
1 2 3
2 3 3
3 4 3
4 5 3
5 0 3
1 6 0
2 7 0
4 8 0
5 9 0
10 11 3
11 12 3
12 13 3
13 14 3
14 15 3
15 10 3
11 16 0
12 17 0
14 18 0
15 19 0
3 20 0
20 10 0
13 21 0
0 22 0
20 23 1
20 24 1
22 25 0
22 26 0
21 27 0
21 28 0
39
0
0
0
0
0
0
1
1
50
38
38
38
4
9
9
22
22
3
3
3
3
9
9
1
1
1
1
1
9
9
1
1
1
1
1
1
1
1
1
39
0 1 3
1 2 3
2 3 3
3 4 3
4 5 3
5 0 3
0 6 0
2 7 0
1 8 0
8 9 0
8 10 0
8 11 0
4 12 0
12 13 0
12 14 0
3 15 0
5 16 0
15 17 1
15 18 1
16 19 1
16 20 1
13 21 0
21 22 0
21 23 0
21 24 0
22 25 0
22 26 0
22 27 0
14 28 0
28 29 0
28 30 0
28 31 0
29 32 0
29 33 0
29 34 0
14 35 0
14 36 0
13 37 0
13 38 0
17
0
0
0
0
0
0
1
1
1
4
9
1
1
1
8
5
5
17
0 1 3
1 2 3
2 3 3
3 4 3
4 5 3
5 0 3
0 6 0
2 7 0
5 8 0
4 9 0
3 10 0
10 11 0
10 12 0
10 13 0
1 14 0
9 15 0
9 16 0
32
0
0
0
0
0
0
1
1
2
0
0
2
0
0
0
0
1
1
3
3
4
4
5
5
5
5
4
4
5
5
5
5
34
0 1 3
1 2 3
2 3 3
3 4 3
4 5 3
5 0 3
0 6 0
5 7 0
2 8 0
8 9 0
9 10 3
10 11 0
11 3 0
9 12 3
12 13 3
13 14 3
14 15 3
15 10 3
13 16 0
14 17 0
11 18 1
8 19 1
15 20 0
12 21 0
20 22 0
20 23 0
21 24 0
21 25 0
4 26 0
1 27 0
26 28 0
26 29 0
27 30 0
27 31 0
21
0
0
0
0
0
0
1
1
1
4
9
1
1
1
16
9
1
1
1
5
5
21
0 1 3
1 2 3
2 3 3
3 4 3
4 5 3
5 0 3
0 6 0
2 7 0
5 8 0
4 9 0
3 10 0
10 11 0
10 12 0
10 13 0
1 14 0
14 15 0
15 16 0
15 17 0
15 18 0
9 19 0
9 20 0
16
0
0
0
0
0
0
1
1
4
4
8
8
5
5
5
5
16
0 1 3
1 2 3
2 3 3
3 4 3
4 5 3
5 0 3
0 6 0
2 7 0
4 8 0
1 9 0
3 10 0
5 11 0
8 12 0
8 13 0
9 14 0
9 15 0
17
0
0
26
26
0
0
1
1
1
22
3
3
27
27
11
5
1
18
0 1 3
1 2 3
2 3 3
3 4 3
4 5 3
5 0 3
1 6 0
4 7 0
5 8 0
0 9 0
9 10 1
9 11 1
3 12 3
2 13 3
13 14 3
14 12 3
12 15 0
14 16 0
31
0
0
0
0
0
0
1
1
1
1
1
0
0
0
0
39
39
1
1
0
0
0
0
1
1
1
1
4
4
6
10
33
0 1 3
1 2 3
2 3 3
3 4 3
4 5 3
5 0 3
0 6 0
1 7 0
2 8 0
4 9 0
5 10 0
11 12 3
12 13 3
13 14 3
14 15 3
15 16 3
16 11 3
13 17 0
14 18 0
15 19 3
19 20 3
20 21 3
21 22 3
22 16 3
19 23 0
20 24 0
21 25 0
22 26 0
3 27 0
11 28 0
12 29 0
27 28 1
29 30 0
28
0
0
0
0
0
0
1
1
1
4
2
9
1
1
1
3
5
4
16
9
9
1
1
1
5
5
1
1
28
0 1 3
1 2 3
2 3 3
3 4 3
4 5 3
5 0 3
0 6 0
3 7 0
5 8 0
4 9 0
9 10 0
10 11 0
11 12 0
11 13 0
11 14 0
10 15 1
9 16 0
2 17 0
1 18 0
18 19 0
19 20 0
20 21 0
20 22 0
20 23 0
17 24 0
17 25 0
19 26 0
19 27 0
17
0
0
0
0
0
0
1
1
1
4
6
22
5
5
3
3
10
17
0 1 3
1 2 3
2 3 3
3 4 3
4 5 3
5 0 3
0 6 0
3 7 0
5 8 0
4 9 0
1 10 0
2 11 0
9 12 0
9 13 0
11 14 1
11 15 1
10 16 0
16
0
0
0
0
0
0
1
1
1
4
4
8
5
5
5
5
16
0 1 3
1 2 3
2 3 3
3 4 3
4 5 3
5 0 3
0 6 0
3 7 0
5 8 0
4 9 0
2 10 0
1 11 0
9 12 0
9 13 0
10 14 0
10 15 0
12
11
11
27
11
29
4
22
3
3
5
5
1
12
0 1 3
1 2 3
2 3 3
3 4 3
4 0 3
3 5 0
0 6 0
6 7 1
6 8 1
5 9 0
5 10 0
1 11 0
16
7
2
7
7
2
7
1
1
1
1
4
4
6
6
5
5
16
0 1 0
1 2 0
2 3 1
3 4 0
4 5 0
5 0 1
5 6 0
0 7 0
2 8 0
3 9 0
4 10 1
1 11 1
10 12 0
11 13 0
12 14 0
13 15 0
24
0
0
0
47
0
0
1
1
1
1
1
47
0
0
0
0
0
1
1
1
1
4
5
5
25
0 1 3
1 2 3
2 3 3
3 4 3
4 5 3
5 0 3
0 6 0
1 7 0
2 8 0
4 9 0
5 10 0
11 12 3
12 13 3
13 14 3
14 15 3
15 16 3
16 11 3
13 17 0
14 18 0
15 19 0
16 20 0
3 11 0
12 21 0
21 22 0
21 23 0
17
0
0
0
0
0
0
1
1
2
6
8
4
8
15
5
5
5
17
0 1 3
1 2 3
2 3 3
3 4 3
4 5 3
5 0 3
1 6 0
5 7 0
4 8 0
8 9 0
3 10 0
2 11 0
0 12 0
8 13 1
9 14 0
11 15 0
11 16 0
28
0
0
0
0
0
0
1
1
1
16
9
9
1
1
1
22
4
3
3
2
9
1
1
1
3
5
1
1
28
0 1 3
1 2 3
2 3 3
3 4 3
4 5 3
5 0 3
0 6 0
3 7 0
5 8 0
1 9 0
9 10 0
10 11 0
11 12 0
11 13 0
11 14 0
2 15 0
4 16 0
15 17 1
15 18 1
16 19 0
19 20 0
20 21 0
20 22 0
20 23 0
19 24 1
16 25 0
10 26 0
10 27 0
18
0
0
0
0
0
0
1
1
1
4
22
4
3
3
5
5
5
5
18
0 1 3
1 2 3
2 3 3
3 4 3
4 5 3
5 0 3
0 6 0
2 7 0
5 8 0
4 9 0
3 10 0
1 11 0
10 12 1
10 13 1
9 14 0
9 15 0
11 16 0
11 17 0
17
0
0
0
0
0
0
1
1
1
6
4
22
3
3
5
5
10
17
0 1 3
1 2 3
2 3 3
3 4 3
4 5 3
5 0 3
0 6 0
2 7 0
5 8 0
4 9 0
3 10 0
1 11 0
11 12 1
11 13 1
10 14 0
10 15 0
9 16 0
17
0
0
0
0
0
0
1
1
1
6
4
22
3
3
5
5
10
17
0 1 3
1 2 3
2 3 3
3 4 3
4 5 3
5 0 3
1 6 0
2 7 0
5 8 0
4 9 0
3 10 0
0 11 0
11 12 1
11 13 1
10 14 0
10 15 0
9 16 0
45
0
0
0
0
0
0
1
1
1
0
0
0
0
0
0
1
1
1
0
0
0
0
0
0
1
1
1
1
1
9
1
1
1
22
4
4
51
5
5
3
3
3
16
3
37
47
0 1 3
1 2 3
2 3 3
3 4 3
4 5 3
5 0 3
1 6 0
2 7 0
5 8 0
9 10 3
10 11 3
11 12 3
12 13 3
13 14 3
14 9 3
10 15 0
11 16 0
14 17 0
18 19 3
19 20 3
20 21 3
21 22 3
22 23 3
23 18 3
19 24 0
20 25 0
21 26 0
22 27 0
23 28 0
0 29 0
29 30 0
29 31 0
29 32 0
4 33 0
3 34 0
34 9 0
12 35 0
35 18 0
13 36 0
34 37 0
35 38 0
33 39 1
33 40 1
36 41 1
36 42 0
36 43 1
42 44 0
18
0
0
0
0
0
0
1
1
1
1
4
16
9
1
1
1
5
5
18
0 1 3
1 2 3
2 3 3
3 4 3
4 5 3
5 0 3
0 6 0
2 7 0
3 8 0
5 9 0
4 10 0
1 11 0
11 12 0
12 13 0
12 14 0
12 15 0
10 16 0
10 17 0
16
0
0
0
0
0
0
1
1
4
8
5
5
1
4
5
5
16
0 1 3
1 2 3
2 3 3
3 4 3
4 5 3
5 0 3
0 6 0
5 7 0
4 8 0
1 9 0
8 10 0
8 11 0
2 12 0
3 13 0
13 14 0
13 15 0
14
0
0
0
0
0
0
1
1
1
1
4
8
5
5
14
0 1 3
1 2 3
2 3 3
3 4 3
4 5 3
5 0 3
0 6 0
2 7 0
3 8 0
5 9 0
4 10 0
1 11 0
10 12 0
10 13 0
32
0
0
0
0
0
0
1
1
1
1
22
25
54
25
3
3
31
25
9
9
1
1
1
1
1
9
9
1
1
1
1
1
32
0 1 3
1 2 3
2 3 3
3 4 3
4 5 3
5 0 3
1 6 0
2 7 0
4 8 0
5 9 0
0 10 0
3 11 0
11 12 0
12 13 0
10 14 1
10 15 1
12 16 1
12 17 0
17 18 0
18 19 0
18 20 0
18 21 0
19 22 0
19 23 0
19 24 0
13 25 0
25 26 0
25 27 0
25 28 0
26 29 0
26 30 0
26 31 0
27
0
0
39
39
0
0
1
1
1
18
39
39
0
1
0
0
0
0
1
1
1
4
4
5
5
5
5
29
0 1 3
1 2 3
2 3 3
3 4 3
4 5 3
5 0 3
1 6 0
4 7 0
5 8 0
2 9 3
9 10 3
10 11 3
11 12 3
12 3 3
12 13 0
10 14 3
14 15 3
15 16 3
16 17 3
17 11 3
14 18 0
16 19 0
17 20 0
0 21 0
15 22 0
21 23 0
21 24 0
22 25 0
22 26 0
25
0
0
0
0
0
0
1
1
1
4
22
4
9
9
1
1
6
1
1
3
3
5
5
5
10
25
0 1 3
1 2 3
2 3 3
3 4 3
4 5 3
5 0 3
1 6 0
4 7 0
5 8 0
0 9 0
2 10 0
3 11 0
11 12 0
12 13 0
12 14 0
12 15 0
13 16 0
13 17 0
13 18 0
10 19 1
10 20 1
9 21 0
9 22 0
11 23 0
16 24 0
30
0
0
39
39
0
0
1
1
1
1
0
0
0
0
1
1
1
0
0
0
0
0
0
1
1
1
1
1
4
5
32
0 1 3
1 2 3
2 3 3
3 4 3
4 5 3
5 0 3
0 6 0
1 7 0
4 8 0
5 9 0
2 10 3
10 11 3
11 12 3
12 13 3
13 3 3
10 14 0
11 15 0
13 16 0
17 18 3
18 19 3
19 20 3
20 21 3
21 22 3
22 17 3
17 23 0
18 24 0
19 25 0
20 26 0
21 27 0
12 28 0
28 22 0
28 29 0
20
0
0
0
0
0
0
1
1
1
6
22
64
6
6
3
3
10
5
5
3
20
0 1 3
1 2 3
2 3 3
3 4 3
4 5 3
5 0 3
0 6 0
3 7 0
5 8 0
1 9 0
2 10 0
4 11 0
11 12 0
11 13 0
10 14 1
10 15 1
9 16 0
13 17 0
12 18 0
11 19 1
63
0
0
47
0
0
0
39
39
62
39
39
47
0
2
0
0
0
0
0
0
2
25
15
9
1
1
1
1
1
1
1
1
1
1
1
4
9
9
1
1
1
1
1
9
9
1
1
1
1
1
4
9
1
1
1
9
9
1
1
1
1
1
5
66
0 1 3
1 2 3
2 3 3
3 4 3
4 5 3
5 0 3
6 7 3
7 8 3
8 9 3
9 10 3
10 11 3
11 6 3
9 12 3
12 13 3
13 14 3
14 15 3
15 10 3
6 16 3
16 17 3
17 18 3
18 19 3
19 7 3
2 11 0
3 20 0
20 21 0
20 22 1
14 23 0
0 24 0
1 25 0
4 26 0
5 27 0
16 28 0
19 29 0
23 30 0
23 31 0
23 32 0
15 33 0
12 34 0
13 35 1
35 36 0
36 37 0
36 38 0
36 39 0
37 40 0
37 41 0
37 42 0
21 43 0
43 44 0
43 45 0
43 46 0
44 47 0
44 48 0
44 49 0
18 50 0
17 51 0
51 52 0
51 53 0
51 54 0
50 55 0
55 56 0
55 57 0
55 58 0
56 59 0
56 60 0
56 61 0
50 62 0
24
0
0
0
0
0
0
1
1
1
1
4
2
9
1
1
1
3
2
9
8
1
1
28
5
24
0 1 3
1 2 3
2 3 3
3 4 3
4 5 3
5 0 3
0 6 0
2 7 0
3 8 0
5 9 0
4 10 0
10 11 0
11 12 0
12 13 0
12 14 0
12 15 0
11 16 1
1 17 0
17 18 0
18 19 0
18 20 0
18 21 0
17 22 1
10 23 0
16
0
0
0
0
0
0
1
1
1
4
4
8
5
5
5
5
16
0 1 3
1 2 3
2 3 3
3 4 3
4 5 3
5 0 3
0 6 0
2 7 0
5 8 0
4 9 0
1 10 0
3 11 0
9 12 0
9 13 0
10 14 0
10 15 0
17
0
0
0
0
0
0
1
1
1
4
9
1
1
1
8
5
5
17
0 1 3
1 2 3
2 3 3
3 4 3
4 5 3
5 0 3
0 6 0
3 7 0
5 8 0
4 9 0
1 10 0
10 11 0
10 12 0
10 13 0
2 14 0
9 15 0
9 16 0
40
0
0
0
0
0
0
1
1
1
0
0
0
0
0
0
1
1
1
1
2
0
0
2
0
0
1
1
1
1
7
65
1
4
4
5
5
5
5
5
5
42
0 1 3
1 2 3
2 3 3
3 4 3
4 5 3
5 0 3
1 6 0
3 7 0
4 8 0
9 10 3
10 11 3
11 12 3
12 13 3
13 14 3
14 9 3
9 15 0
11 16 0
12 17 0
14 18 0
19 20 3
20 21 3
21 22 3
22 23 3
23 24 3
24 19 3
20 25 0
21 26 0
23 27 0
24 28 0
2 29 0
29 13 0
29 19 1
22 30 1
0 31 0
5 32 0
10 33 0
32 34 0
32 35 0
33 36 0
33 37 0
30 38 0
30 39 0
22
0
0
0
0
0
0
1
1
1
4
16
9
1
1
1
16
9
1
1
1
5
5
22
0 1 3
1 2 3
2 3 3
3 4 3
4 5 3
5 0 3
0 6 0
2 7 0
5 8 0
4 9 0
1 10 0
10 11 0
11 12 0
11 13 0
11 14 0
3 15 0
15 16 0
16 17 0
16 18 0
16 19 0
9 20 0
9 21 0
26
0
0
0
0
0
0
1
1
1
1
22
25
54
25
25
9
1
1
1
46
3
3
9
1
1
1
26
0 1 3
1 2 3
2 3 3
3 4 3
4 5 3
5 0 3
0 6 0
2 7 0
3 8 0
5 9 0
1 10 0
4 11 0
11 12 0
12 13 0
12 14 0
14 15 0
15 16 0
15 17 0
15 18 0
12 19 1
10 20 1
10 21 1
13 22 0
22 23 0
22 24 0
22 25 0
19
0
0
0
0
0
0
1
1
1
4
2
6
22
3
3
5
5
15
5
19
0 1 3
1 2 3
2 3 3
3 4 3
4 5 3
5 0 3
0 6 0
1 7 0
3 8 0
4 9 0
5 10 0
10 11 0
2 12 0
12 13 1
12 14 1
9 15 0
9 16 0
10 17 1
11 18 0
18
0
0
0
0
0
0
1
1
1
4
4
22
5
5
5
5
3
3
18
0 1 3
1 2 3
2 3 3
3 4 3
4 5 3
5 0 3
0 6 0
2 7 0
5 8 0
4 9 0
3 10 0
1 11 0
9 12 0
9 13 0
10 14 0
10 15 0
11 16 1
11 17 1
26
0
0
0
0
0
0
1
1
1
1
1
0
0
0
0
0
0
1
1
1
1
4
4
5
5
5
27
0 1 3
1 2 3
2 3 3
3 4 3
4 5 3
5 0 3
0 6 0
1 7 0
2 8 0
4 9 0
5 10 0
11 12 3
12 13 3
13 14 3
14 15 3
15 16 3
16 11 3
12 17 0
13 18 0
15 19 0
16 20 0
3 21 0
21 11 0
14 22 0
21 23 0
22 24 0
22 25 0
19
0
0
0
0
0
0
1
1
1
4
9
1
1
1
4
5
5
5
5
19
0 1 3
1 2 3
2 3 3
3 4 3
4 5 3
5 0 3
0 6 0
1 7 0
2 8 0
5 9 0
4 10 0
10 11 0
10 12 0
10 13 0
3 14 0
9 15 0
9 16 0
14 17 0
14 18 0
42
0
0
0
0
0
0
1
1
1
1
1
39
39
0
0
0
0
1
1
0
0
0
0
1
1
4
4
6
51
3
3
16
37
10
9
51
1
1
16
3
3
37
44
0 1 3
1 2 3
2 3 3
3 4 3
4 5 3
5 0 3
0 6 0
1 7 0
3 8 0
4 9 0
5 10 0
11 12 3
12 13 3
13 14 3
14 15 3
15 16 3
16 11 3
13 17 0
14 18 0
11 19 3
19 20 3
20 21 3
21 22 3
22 12 3
20 23 0
22 24 0
2 25 0
25 26 1
26 16 0
15 27 0
19 28 0
28 29 1
28 30 1
28 31 0
31 32 0
27 33 0
21 34 0
34 35 0
34 36 0
34 37 0
35 38 0
35 39 1
35 40 1
38 41 0
70
0
47
0
0
0
0
1
1
1
0
0
0
0
47
0
1
1
1
8
8
4
4
9
2
2
4
9
1
1
1
28
3
1
0
0
0
0
0
0
1
1
1
1
1
5
4
4
9
2
28
9
1
1
1
2
1
3
4
0
0
0
0
0
0
1
1
1
1
1
5
73
0 1 3
1 2 3
2 3 3
3 4 3
4 5 3
5 0 3
0 6 0
2 7 0
3 8 0
9 10 3
10 11 3
11 12 3
12 13 3
13 14 3
14 9 3
11 15 0
12 16 0
14 17 0
13 1 0
5 18 0
9 19 0
4 20 0
20 21 1
22 23 0
22 24 0
24 25 0
23 26 0
26 27 0
26 28 0
26 29 0
23 30 1
24 31 1
21 22 0
22 32 0
25 33 0
33 34 3
34 35 3
35 36 3
36 37 3
37 38 3
38 33 3
34 39 0
35 40 0
36 41 0
37 42 0
38 43 0
25 44 0
10 45 0
45 46 1
46 47 0
47 48 0
48 49 1
48 50 0
50 51 0
50 52 0
50 53 0
47 54 0
47 55 0
54 56 1
54 57 0
57 58 0
58 59 3
59 60 3
60 61 3
61 62 3
62 63 3
63 58 3
59 64 0
60 65 0
61 66 0
62 67 0
63 68 0
57 69 0
39
0
0
0
0
0
0
1
1
1
4
9
9
1
1
6
1
1
9
9
1
1
6
1
1
22
4
9
9
1
1
6
1
1
3
3
5
10
10
10
39
0 1 3
1 2 3
2 3 3
3 4 3
4 5 3
5 0 3
0 6 0
3 7 0
5 8 0
4 9 0
9 10 0
10 11 0
10 12 0
10 13 0
11 14 0
11 15 0
11 16 0
9 17 0
17 18 0
17 19 0
17 20 0
18 21 0
18 22 0
18 23 0
2 24 0
1 25 0
25 26 0
26 27 0
26 28 0
26 29 0
27 30 0
27 31 0
27 32 0
24 33 1
24 34 1
25 35 0
21 36 0
14 37 0
30 38 0
28
0
0
39
39
0
0
1
1
1
1
0
0
0
0
1
1
1
4
9
9
1
1
14
1
1
5
5
5
29
0 1 3
1 2 3
2 3 3
3 4 3
4 5 3
5 0 3
0 6 0
1 7 0
4 8 0
5 9 0
2 10 3
10 11 3
11 12 3
12 13 3
13 3 3
10 14 0
11 15 0
12 16 0
13 17 0
17 18 0
18 19 0
18 20 0
18 21 0
19 22 0
19 23 0
19 24 0
17 25 0
22 26 0
22 27 0
35
0
0
0
0
0
0
1
1
1
0
0
0
0
0
0
1
1
1
1
4
4
9
1
1
1
6
10
4
2
5
3
9
1
1
1
36
0 1 3
1 2 3
2 3 3
3 4 3
4 5 3
5 0 3
1 6 0
4 7 0
5 8 0
9 10 3
10 11 3
11 12 3
12 13 3
13 14 3
14 9 3
9 15 0
10 16 0
12 17 0
13 18 0
2 19 0
14 20 0
19 20 1
0 21 0
21 22 0
21 23 0
21 24 0
3 25 0
25 26 0
11 27 0
27 28 0
27 29 0
28 30 1
28 31 0
31 32 0
31 33 0
31 34 0
20
0
0
39
39
0
0
1
1
1
1
0
0
0
0
1
1
1
22
3
3
21
0 1 3
1 2 3
2 3 3
3 4 3
4 5 3
5 0 3
0 6 0
1 7 0
4 8 0
5 9 0
2 10 3
10 11 3
11 12 3
12 13 3
13 3 3
10 14 0
11 15 0
12 16 0
13 17 0
17 18 1
17 19 1
16
0
0
0
0
0
0
1
1
1
1
4
4
5
5
5
5
16
0 1 3
1 2 3
2 3 3
3 4 3
4 5 3
5 0 3
0 6 0
2 7 0
3 8 0
5 9 0
4 10 0
1 11 0
10 12 0
10 13 0
11 14 0
11 15 0
31
0
0
0
0
0
0
1
1
1
1
4
11
12
27
11
11
9
1
1
1
9
1
1
1
5
5
3
3
4
13
5
32
0 1 3
1 2 3
2 3 3
3 4 3
4 5 3
5 0 3
1 6 0
2 7 0
4 8 0
5 9 0
0 10 0
11 12 3
12 13 3
11 14 3
14 15 3
13 15 3
14 16 0
16 17 0
16 18 0
16 19 0
15 20 0
20 21 0
20 22 0
20 23 0
10 24 0
10 25 0
3 29 0
29 28 0
28 11 0
28 30 0
29 26 1
29 27 1
19
0
0
0
0
0
0
1
1
9
1
1
1
4
5
5
1
4
5
5
19
0 1 3
1 2 3
2 3 3
3 4 3
4 5 3
5 0 3
2 6 0
5 7 0
4 8 0
8 9 0
8 10 0
8 11 0
3 12 0
12 13 0
12 14 0
1 15 0
0 16 0
16 17 0
16 18 0
76
9
9
9
1
1
9
1
1
9
9
9
1
1
9
9
9
9
1
1
9
1
1
8
1
1
8
1
8
1
8
8
8
8
8
1
1
1
1
9
9
9
9
9
9
9
1
1
1
9
1
1
1
9
9
9
9
1
1
1
1
1
8
8
1
8
1
1
8
8
8
8
1
1
8
1
1
74
0 1 0
1 2 0
1 3 0
1 4 0
2 5 0
2 6 0
2 7 0
5 8 0
8 9 0
9 10 0
9 11 0
9 12 0
10 13 0
13 14 0
14 15 0
15 16 0
15 17 0
15 18 0
16 19 0
16 20 0
16 21 0
0 22 0
0 23 0
0 24 0
5 25 0
5 26 0
8 27 0
8 28 0
13 29 0
13 30 0
14 31 0
14 32 0
10 33 0
10 34 0
19 35 0
19 36 0
19 37 0
38 39 0
39 40 0
39 41 0
39 42 0
38 43 0
38 44 0
44 45 0
44 46 0
44 47 0
38 48 0
48 49 0
48 50 0
48 51 0
40 52 0
40 53 0
40 54 0
43 55 0
43 56 0
43 57 0
55 58 0
55 59 0
55 60 0
41 61 0
41 62 0
41 63 0
42 64 0
42 65 0
42 66 0
53 67 0
53 68 0
53 69 0
54 70 0
54 71 0
54 72 0
52 73 0
52 74 0
52 75 0
22
0
0
0
0
0
0
1
0
0
0
0
0
0
1
16
16
8
8
8
8
8
8
24
0 1 3
1 2 3
2 3 3
3 4 3
4 5 3
5 0 3
4 6 0
7 8 3
8 9 3
9 10 3
10 11 3
11 12 3
12 7 3
8 13 0
3 14 0
14 12 0
2 15 0
15 7 0
11 16 0
10 17 0
9 18 0
1 19 0
0 20 0
5 21 0
22
0
0
0
0
0
0
1
0
0
0
0
0
0
1
16
16
8
8
8
8
8
8
24
0 1 3
1 2 3
2 3 3
3 4 3
4 5 3
5 0 3
1 6 0
7 8 3
8 9 3
9 10 3
10 11 3
11 12 3
12 7 3
8 13 0
3 14 0
14 12 0
2 15 0
15 7 0
11 16 0
10 17 0
9 18 0
4 19 0
5 20 0
0 21 0
44
0
0
0
47
0
0
1
1
47
0
0
0
0
0
1
21
21
21
21
21
21
21
0
0
0
47
0
0
1
47
0
0
0
0
0
1
21
21
1
21
21
1
1
21
46
0 1 3
1 2 3
2 3 3
3 4 3
4 5 3
5 0 3
1 6 0
2 7 0
8 9 3
9 10 3
10 11 3
11 12 3
12 13 3
13 8 3
9 14 0
3 8 0
4 15 0
5 16 0
0 17 0
13 18 0
12 19 0
11 20 0
10 21 0
22 23 3
23 24 3
24 25 3
25 26 3
26 27 3
27 22 3
23 28 0
29 30 3
30 31 3
31 32 3
32 33 3
33 34 3
34 29 3
34 35 0
25 29 0
26 36 0
30 37 0
27 38 0
22 39 0
24 40 0
32 41 0
31 42 0
33 43 0
22
0
0
0
0
0
0
1
1
0
0
0
0
0
0
1
1
16
16
8
8
8
8
24
0 1 3
1 2 3
2 3 3
3 4 3
4 5 3
5 0 3
1 6 0
4 7 0
8 9 3
9 10 3
10 11 3
11 12 3
12 13 3
13 8 3
9 14 0
12 15 0
3 16 0
16 13 0
2 17 0
17 8 0
5 18 0
0 19 0
11 20 0
10 21 0
13
0
0
0
0
0
0
1
1
6
8
8
8
10
13
0 1 3
1 2 3
2 3 3
3 4 3
4 5 3
5 0 3
0 6 0
2 7 0
4 8 0
3 9 0
5 10 0
1 11 0
8 12 0
23
7
7
9
9
9
9
9
1
1
8
8
8
8
2
1
2
1
6
15
15
5
6
5
24
0 1 1
1 2 0
2 3 0
0 4 0
4 5 0
5 3 0
2 6 0
2 7 0
6 4 0
4 8 0
6 9 0
6 10 0
0 11 0
1 12 0
5 13 0
5 14 0
3 15 0
3 16 0
15 17 0
13 18 1
15 19 1
17 20 0
13 21 0
21 22 0
21
0
0
0
0
0
0
1
1
1
9
1
1
1
4
16
5
5
9
1
1
1
21
0 1 3
1 2 3
2 3 3
3 4 3
4 5 3
5 0 3
1 6 0
2 7 0
5 8 0
0 9 0
9 10 0
9 11 0
9 12 0
4 13 0
3 14 0
13 15 0
13 16 0
14 17 0
17 18 0
17 19 0
17 20 0
12
0
0
0
0
0
0
1
1
1
1
8
8
12
0 1 3
1 2 3
2 3 3
3 4 3
4 5 3
5 0 3
0 6 0
2 7 0
3 8 0
5 9 0
4 10 0
1 11 0
6
8
7
8
7
8
8
5
0 1 0
1 2 0
1 3 1
3 4 0
3 5 0
8
9
9
8
8
8
8
8
8
7
0 1 0
0 2 0
0 3 0
0 4 0
1 5 0
1 6 0
1 7 0
13
0
0
0
0
0
0
6
8
8
8
8
8
10
13
0 1 3
1 2 3
2 3 3
3 4 3
4 5 3
5 0 3
4 6 0
3 7 0
2 8 0
1 9 0
0 10 0
5 11 0
6 12 0
8
9
9
8
8
1
8
1
1
7
0 1 0
1 2 0
1 3 0
1 4 0
0 5 0
0 6 0
0 7 0
24
0
0
0
0
0
0
1
1
1
1
8
4
2
4
9
1
1
1
9
1
1
1
3
5
24
0 1 3
1 2 3
2 3 3
3 4 3
4 5 3
5 0 3
0 6 0
2 7 0
3 8 0
5 9 0
1 10 0
4 11 0
11 12 0
12 13 0
13 14 0
14 15 0
14 16 0
14 17 0
13 18 0
18 19 0
18 20 0
18 21 0
12 22 1
11 23 0
24
7
7
9
9
9
9
9
9
9
1
1
1
1
9
8
8
8
1
8
1
8
8
8
8
26
0 1 1
1 2 0
2 3 0
3 4 0
4 5 0
5 0 0
3 6 0
6 7 0
7 8 0
8 4 0
4 9 0
3 10 0
8 11 0
8 12 0
5 13 0
13 2 0
13 14 0
13 15 0
7 16 0
7 17 0
6 18 0
6 19 0
2 20 0
1 21 0
0 22 0
5 23 0
35
0
0
0
0
0
0
1
1
1
1
0
0
0
0
0
0
1
1
1
1
9
6
2
25
15
9
9
1
1
1
1
1
10
8
8
36
0 1 3
1 2 3
2 3 3
3 4 3
4 5 3
5 0 3
1 6 0
2 7 0
4 8 0
5 9 0
10 11 3
11 12 3
12 13 3
13 14 3
14 15 3
15 10 3
11 16 0
12 17 0
14 18 0
15 19 0
3 20 0
20 10 0
20 21 0
20 22 0
22 23 0
22 24 1
23 25 0
25 26 0
25 27 0
25 28 0
26 29 0
26 30 0
26 31 0
21 32 0
0 33 0
13 34 0
14
0
0
0
0
0
0
8
23
8
23
8
8
24
24
14
0 1 3
1 2 3
2 3 3
3 4 3
4 5 3
5 0 3
4 6 0
3 7 0
2 8 0
1 9 0
0 10 0
5 11 0
7 12 2
9 13 2
23
0
0
0
0
0
0
0
0
0
0
0
0
16
21
21
21
21
21
21
21
21
21
21
24
0 1 3
1 2 3
2 3 3
3 4 3
4 5 3
5 0 3
6 7 3
7 8 3
8 9 3
9 10 3
10 11 3
11 6 3
3 12 0
12 6 0
4 13 0
5 14 0
0 15 0
1 16 0
2 17 0
7 18 0
10 19 0
9 20 0
8 21 0
11 22 0
